0
11
15
25
31
37
43
45
47
48
53
64
68
78
84
90
96
98
100
101
106
117
121
131
137
143
149
151
153
154
159
170
174
184
190
196
202
204
206
207
212
223
227
237
243
249
255
257
259
260
265
276
280
290
296
0
12
13
14
16
17
18
20
22
27
33
36
42
50
52
60
64
65
66
69
71
73
78
79
82
87
88
91
94
97
98
105
111
115
116
128
129
130
132
133
134
136
138
143
149
152
158
166
168
176
180
181
182
185
187
189
194
195
198
203
204
207
210
213
214
221
227
231
232
244
245
246
248
249
250
252
254
259
265
268
274
282
284
292
296
297
298
0
8
10
12
14
16
22
55
63
65
67
69
71
77
110
118
120
122
124
126
132
165
173
175
177
179
181
187
220
228
230
232
234
236
242
275
283
285
287
289
291
297
0
15
22
58
67
82
89
125
134
149
156
192
201
216
223
259
268
283
290
0
9
12
15
18
19
21
23
26
31
35
37
38
39
41
43
46
48
49
52
56
61
65
77
81
84
87
88
90
92
95
100
104
106
107
108
110
112
115
117
118
121
125
130
134
146
150
153
156
157
159
161
164
169
173
175
176
177
179
181
184
186
187
190
194
199
203
215
219
222
225
226
228
230
233
238
242
244
245
246
248
250
253
255
256
259
263
268
272
284
288
291
294
295
297
299
0
19
24
25
34
59
78
83
84
93
118
137
142
143
152
177
196
201
202
211
236
255
260
261
270
295
0
3
7
9
12
22
26
29
31
33
34
35
38
39
41
46
50
52
56
60
63
64
66
69
70
72
74
77
81
83
86
96
100
103
105
107
108
109
112
113
115
120
124
126
130
134
137
138
140
143
144
146
148
151
155
157
160
170
174
177
179
181
182
183
186
187
189
194
198
200
204
208
211
212
214
217
218
220
222
225
229
231
234
244
248
251
253
255
256
257
260
261
263
268
272
274
278
282
285
286
288
291
292
294
296
299
0
1
4
7
15
18
21
24
29
40
46
73
82
83
86
89
97
100
103
106
111
122
128
155
164
165
168
171
179
182
185
188
193
204
210
237
246
247
250
253
261
264
267
270
275
286
292
0
6
9
14
16
19
21
23
26
28
30
31
34
35
36
38
39
41
42
48
51
56
58
61
63
65
68
70
72
73
76
77
78
80
81
83
84
90
93
98
100
103
105
107
110
112
114
115
118
119
120
122
123
125
126
132
135
140
142
145
147
149
152
154
156
157
160
161
162
164
165
167
168
174
177
182
184
187
189
191
194
196
198
199
202
203
204
206
207
209
210
216
219
224
226
229
231
233
236
238
240
241
244
245
246
248
249
251
252
258
261
266
268
271
273
275
278
280
282
283
286
287
288
290
291
293
294
0
1
3
5
6
8
13
17
21
27
34
40
43
45
47
48
50
52
53
55
60
64
68
74
81
87
90
92
94
95
97
99
100
102
107
111
115
121
128
134
137
139
141
142
144
146
147
149
154
158
162
168
175
181
184
186
188
189
191
193
194
196
201
205
209
215
222
228
231
233
235
236
238
240
241
243
248
252
256
262
269
275
278
280
282
283
285
287
288
290
295
299
0
8
11
14
16
18
19
21
22
23
24
25
26
27
28
29
30
31
32
33
34
35
36
38
39
40
41
42
43
44
45
46
48
49
50
52
54
56
64
67
70
72
74
75
77
78
79
80
81
82
83
84
85
86
87
88
89
90
91
92
94
95
96
97
98
99
100
101
102
104
105
106
108
110
112
120
123
126
128
130
131
133
134
135
136
137
138
139
140
141
142
143
144
145
146
147
148
150
151
152
153
154
155
156
157
158
160
161
162
164
166
168
176
179
182
184
186
187
189
190
191
192
193
194
195
196
197
198
199
200
201
202
203
204
206
207
208
209
210
211
212
213
214
216
217
218
220
222
224
232
235
238
240
242
243
245
246
247
248
249
250
251
252
253
254
255
256
257
258
259
260
262
263
264
265
266
267
268
269
270
272
273
274
276
278
280
288
291
294
296
298
299
0
3
4
8
11
12
15
16
18
19
20
23
24
26
28
30
33
37
38
43
51
54
55
59
62
63
66
67
69
70
71
74
75
77
79
81
84
88
89
94
102
105
106
110
113
114
117
118
120
121
122
125
126
128
130
132
135
139
140
145
153
156
157
161
164
165
168
169
171
172
173
176
177
179
181
183
186
190
191
196
204
207
208
212
215
216
219
220
222
223
224
227
228
230
232
234
237
241
242
247
255
258
259
263
266
267
270
271
273
274
275
278
279
281
283
285
288
292
293
298
0
10
16
18
20
22
24
27
32
34
35
36
37
38
39
40
41
42
43
44
46
50
53
57
67
73
75
77
79
81
84
89
91
92
93
94
95
96
97
98
99
100
101
103
107
110
114
124
130
132
134
136
138
141
146
148
149
150
151
152
153
154
155
156
157
158
160
164
167
171
181
187
189
191
193
195
198
203
205
206
207
208
209
210
211
212
213
214
215
217
221
224
228
238
244
246
248
250
252
255
260
262
263
264
265
266
267
268
269
270
271
272
274
278
281
285
295
0
24
26
28
29
30
32
33
34
35
37
39
40
41
42
45
46
49
50
51
52
57
60
61
63
64
65
66
67
73
75
99
101
103
104
105
107
108
109
110
112
114
115
116
117
120
121
124
125
126
127
132
135
136
138
139
140
141
142
148
150
174
176
178
179
180
182
183
184
185
187
189
190
191
192
195
196
199
200
201
202
207
210
211
213
214
215
216
217
223
225
249
251
253
254
255
257
258
259
260
262
264
265
266
267
270
271
274
275
276
277
282
285
286
288
289
290
291
292
298
0
5
10
16
30
37
59
63
68
70
73
76
80
83
85
87
91
94
96
97
98
102
103
106
109
112
119
125
149
154
159
164
170
184
191
213
217
222
224
227
230
234
237
239
241
245
248
250
251
252
256
257
260
263
266
273
279
0
3
13
16
17
19
20
21
26
30
31
39
47
51
53
64
65
66
69
78
81
91
94
95
97
98
99
104
108
109
117
125
129
131
142
143
144
147
156
159
169
172
173
175
176
177
182
186
187
195
203
207
209
220
221
222
225
234
237
247
250
251
253
254
255
260
264
265
273
281
285
287
298
299
0
22
24
26
29
36
62
84
86
88
91
98
124
146
148
150
153
160
186
208
210
212
215
222
248
270
272
274
277
284
0
15
18
21
25
28
31
32
34
36
38
41
44
46
48
50
52
54
57
60
63
66
69
71
73
75
78
82
84
86
89
92
94
96
98
100
104
108
109
124
127
130
134
137
140
141
143
145
147
150
153
155
157
159
161
163
166
169
172
175
178
180
182
184
187
191
193
195
198
201
203
205
207
209
213
217
218
233
236
239
243
246
249
250
252
254
256
259
262
264
266
268
270
272
275
278
281
284
287
289
291
293
296
0
1
2
3
4
8
12
15
17
19
22
24
25
26
27
28
29
37
39
40
46
49
53
55
62
70
71
78
99
104
105
106
107
111
112
114
115
116
119
122
123
124
125
127
128
129
131
133
134
136
137
138
139
140
144
148
151
153
155
158
160
161
162
163
164
165
173
175
176
182
185
189
191
198
206
207
214
235
240
241
242
243
247
248
250
251
252
255
258
259
260
261
263
264
265
267
269
270
272
273
274
275
276
280
284
287
289
291
294
296
297
298
299
0
7
11
15
16
17
18
19
20
21
25
32
33
59
63
65
66
69
74
77
79
81
82
85
90
91
94
96
98
99
100
107
111
115
116
117
118
119
120
121
125
132
133
159
163
165
166
169
174
177
179
181
182
185
190
191
194
196
198
199
200
207
211
215
216
217
218
219
220
221
225
232
233
259
263
265
266
269
274
277
279
281
282
285
290
291
294
296
298
299
0
12
14
16
17
19
23
53
65
67
69
70
72
76
106
118
120
122
123
125
129
159
171
173
175
176
178
182
212
224
226
228
229
231
235
265
277
279
281
282
284
288
0
15
23
31
34
40
44
46
48
50
52
55
58
62
65
66
68
69
72
77
81
92
104
114
115
119
123
127
131
133
136
138
139
143
146
147
149
153
157
158
161
162
178
184
192
196
202
205
207
208
211
212
214
217
220
224
227
228
230
234
238
239
243
253
266
276
277
282
285
289
293
295
298
299
0
11
15
17
19
21
24
27
29
30
32
34
44
45
48
50
52
53
55
57
58
69
73
75
77
79
82
85
87
88
90
92
102
103
106
108
110
111
113
115
116
127
131
133
135
137
140
143
145
146
148
150
160
161
164
166
168
169
171
173
174
185
189
191
193
195
198
201
203
204
206
208
218
219
222
224
226
227
229
231
232
243
247
249
251
253
256
259
261
262
264
266
276
277
280
282
284
285
287
289
290
0
19
23
61
127
146
150
188
254
273
277
0
13
14
16
18
20
22
29
33
48
54
55
56
60
73
74
76
78
80
82
89
93
108
114
115
116
120
133
134
136
138
140
142
149
153
168
174
175
176
180
193
194
196
198
200
202
209
213
228
234
235
236
240
253
254
256
258
260
262
269
273
288
294
295
296
0
6
14
18
21
25
32
44
65
88
94
102
106
109
113
120
132
153
176
182
190
194
197
201
208
220
241
264
270
278
282
285
289
296
0
10
12
14
15
16
17
19
22
27
30
60
73
87
90
100
102
104
105
106
107
109
112
117
120
150
163
177
180
190
192
194
195
196
197
199
202
207
210
240
253
267
270
280
282
284
285
286
287
289
292
297
0
16
20
22
24
26
28
30
66
91
106
122
126
128
130
132
134
136
172
197
212
228
232
234
236
238
240
242
278
0
12
14
16
18
21
27
31
38
43
70
82
84
86
88
91
97
101
108
113
140
152
154
156
158
161
167
171
178
183
210
222
224
226
228
231
237
241
248
253
280
292
294
296
298
0
3
8
13
14
15
16
17
18
19
20
21
23
26
34
37
38
39
40
47
51
56
58
62
63
67
69
72
77
82
83
84
85
86
87
88
89
90
92
95
103
106
107
108
109
116
120
125
127
131
132
136
138
141
146
151
152
153
154
155
156
157
158
159
161
164
172
175
176
177
178
185
189
194
196
200
201
205
207
210
215
220
221
222
223
224
225
226
227
228
230
233
241
244
245
246
247
254
258
263
265
269
270
274
276
279
284
289
290
291
292
293
294
295
296
297
299
0
4
8
11
15
34
69
73
77
80
84
103
138
142
146
149
153
172
207
211
215
218
222
241
276
280
284
287
291
0
12
18
21
30
44
48
52
54
55
60
61
67
71
73
85
91
94
103
117
121
125
127
128
133
134
140
144
146
158
164
167
176
190
194
198
200
201
206
207
213
217
219
231
237
240
249
263
267
271
273
274
279
280
286
290
292
0
20
22
24
26
28
32
43
48
55
60
71
91
93
95
97
99
103
114
119
126
131
142
162
164
166
168
170
174
185
190
197
202
213
233
235
237
239
241
245
256
261
268
273
284
0
18
23
27
32
38
45
49
52
56
59
77
82
86
91
97
104
108
111
115
118
136
141
145
150
156
163
167
170
174
177
195
200
204
209
215
222
226
229
233
236
254
259
263
268
274
281
285
288
292
295
0
13
15
16
17
19
23
48
54
55
76
89
91
92
93
95
99
124
130
131
152
165
167
168
169
171
175
200
206
207
228
241
243
244
245
247
251
276
282
283
0
11
14
16
18
20
21
23
25
28
37
45
61
63
64
65
66
67
68
70
72
74
75
86
89
91
93
95
96
98
100
103
112
120
136
138
139
140
141
142
143
145
147
149
150
161
164
166
168
170
171
173
175
178
187
195
211
213
214
215
216
217
218
220
222
224
225
236
239
241
243
245
246
248
250
253
262
270
286
288
289
290
291
292
293
295
297
299
0
3
4
5
6
7
10
13
16
19
20
24
25
26
27
29
32
33
39
47
48
53
55
56
57
58
59
62
63
64
69
72
77
78
85
88
90
91
94
98
101
104
105
106
107
108
111
114
117
120
121
125
126
127
128
130
133
134
140
148
149
154
156
157
158
159
160
163
164
165
170
173
178
179
186
189
191
192
195
199
202
205
206
207
208
209
212
215
218
221
222
226
227
228
229
231
234
235
241
249
250
255
257
258
259
260
261
264
265
266
271
274
279
280
287
290
292
293
296
0
13
15
17
19
21
34
42
64
96
104
111
119
122
123
136
138
140
142
144
157
165
187
219
227
234
242
245
246
259
261
263
265
267
280
288
0
10
17
18
21
22
24
26
27
28
30
31
32
35
37
41
44
46
48
51
53
56
59
63
73
80
81
84
85
87
89
90
91
93
94
95
98
100
104
107
109
111
114
116
119
122
126
136
143
144
147
148
150
152
153
154
156
157
158
161
163
167
170
172
174
177
179
182
185
189
199
206
207
210
211
213
215
216
217
219
220
221
224
226
230
233
235
237
240
242
245
248
252
262
269
270
273
274
276
278
279
280
282
283
284
287
289
293
296
298
0
21
22
25
26
27
28
29
30
32
33
34
35
36
38
40
41
43
44
45
46
47
48
49
50
51
52
53
54
56
58
59
60
63
65
69
70
72
75
77
79
81
82
84
87
88
90
91
93
94
98
99
100
101
104
106
108
129
130
133
134
135
136
137
138
140
141
142
143
144
146
148
149
151
152
153
154
155
156
157
158
159
160
161
162
164
166
167
168
171
173
177
178
180
183
185
187
189
190
192
195
196
198
199
201
202
206
207
208
209
212
214
216
237
238
241
242
243
244
245
246
248
249
250
251
252
254
256
257
259
260
261
262
263
264
265
266
267
268
269
270
272
274
275
276
279
281
285
286
288
291
293
295
297
298
0
11
12
13
15
17
23
26
27
28
29
31
33
35
37
39
40
44
45
47
48
49
51
54
55
56
58
61
67
69
70
72
75
78
80
86
88
99
100
101
103
105
111
114
115
116
117
119
121
123
125
127
128
132
133
135
136
137
139
142
143
144
146
149
155
157
158
160
163
166
168
174
176
187
188
189
191
193
199
202
203
204
205
207
209
211
213
215
216
220
221
223
224
225
227
230
231
232
234
237
243
245
246
248
251
254
256
262
264
275
276
277
279
281
287
290
291
292
293
295
297
299
0
15
17
18
19
20
21
23
24
26
30
32
36
46
48
56
60
62
63
64
65
68
69
70
74
89
91
92
93
94
95
97
98
100
104
106
110
120
122
130
134
136
137
138
139
142
143
144
148
163
165
166
167
168
169
171
172
174
178
180
184
194
196
204
208
210
211
212
213
216
217
218
222
237
239
240
241
242
243
245
246
248
252
254
258
268
270
278
282
284
285
286
287
290
291
292
296
0
14
16
18
20
38
40
47
52
56
59
61
63
82
84
86
88
106
108
115
120
124
127
129
131
150
152
154
156
174
176
183
188
192
195
197
199
218
220
222
224
242
244
251
256
260
263
265
267
286
288
290
292
0
13
16
18
19
20
21
22
24
26
27
30
32
35
36
38
39
40
41
42
48
49
52
54
75
78
79
81
82
83
84
85
87
91
94
107
110
112
113
114
115
116
118
120
121
124
126
129
130
132
133
134
135
136
142
143
146
148
169
172
173
175
176
177
178
179
181
185
188
201
204
206
207
208
209
210
212
214
215
218
220
223
224
226
227
228
229
230
236
237
240
242
263
266
267
269
270
271
272
273
275
279
282
295
298
0
1
2
3
19
20
21
22
23
24
25
26
27
28
29
33
35
36
38
39
41
42
43
45
46
47
48
49
50
66
67
68
69
70
71
72
73
74
75
76
80
82
83
85
86
88
89
90
92
93
94
95
96
97
113
114
115
116
117
118
119
120
121
122
123
127
129
130
132
133
135
136
137
139
140
141
142
143
144
160
161
162
163
164
165
166
167
168
169
170
174
176
177
179
180
182
183
184
186
187
188
189
190
191
207
208
209
210
211
212
213
214
215
216
217
221
223
224
226
227
229
230
231
233
234
235
236
237
238
254
255
256
257
258
259
260
261
262
263
264
268
270
271
273
274
276
277
278
280
281
282
283
284
285
0
3
12
15
21
24
26
27
28
29
30
31
32
33
35
36
37
38
39
40
41
42
43
44
45
46
47
49
50
54
56
58
60
62
64
67
70
73
82
85
91
94
96
97
98
99
100
101
102
103
105
106
107
108
109
110
111
112
113
114
115
116
117
119
120
124
126
128
130
132
134
137
140
143
152
155
161
164
166
167
168
169
170
171
172
173
175
176
177
178
179
180
181
182
183
184
185
186
187
189
190
194
196
198
200
202
204
207
210
213
222
225
231
234
236
237
238
239
240
241
242
243
245
246
247
248
249
250
251
252
253
254
255
256
257
259
260
264
266
268
270
272
274
277
280
283
292
295
0
38
91
95
103
139
217
243
249
250
258
294
0
15
17
19
21
23
25
27
29
32
33
34
35
36
37
39
40
41
43
44
45
46
47
49
50
55
56
59
60
75
77
79
81
83
85
87
89
92
93
94
95
96
97
99
100
101
103
104
105
106
107
109
110
115
116
119
120
135
137
139
141
143
145
147
149
152
153
154
155
156
157
159
160
161
163
164
165
166
167
169
170
175
176
179
180
195
197
199
201
203
205
207
209
212
213
214
215
216
217
219
220
221
223
224
225
226
227
229
230
235
236
239
240
255
257
259
261
263
265
267
269
272
273
274
275
276
277
279
280
281
283
284
285
286
287
289
290
295
296
299
0
12
18
21
25
30
39
52
57
66
72
74
77
83
86
88
90
102
108
111
115
120
129
142
147
156
162
164
167
173
176
178
180
192
198
201
205
210
219
232
237
246
252
254
257
263
266
268
270
282
288
291
295
0
9
10
33
68
78
122
131
132
155
190
200
244
253
254
277
0
6
7
8
9
10
12
13
14
15
16
17
18
19
20
21
22
23
24
25
26
27
28
29
30
31
32
33
34
35
36
37
39
40
41
42
43
44
45
46
47
48
49
50
51
52
53
54
56
57
59
60
61
62
63
64
65
67
68
69
70
72
73
74
75
76
77
78
79
80
81
82
83
84
85
86
87
88
89
90
91
92
93
94
95
96
97
98
99
100
101
102
103
104
105
106
107
108
109
110
112
114
115
116
117
118
119
120
121
122
123
124
125
126
127
130
132
134
135
140
142
143
144
148
153
154
155
156
157
159
160
161
162
163
164
165
166
167
168
169
170
171
172
173
174
175
176
177
178
179
180
181
182
183
184
186
187
188
189
190
191
192
193
194
195
196
197
198
199
200
201
203
204
206
207
208
209
210
211
212
214
215
216
217
219
220
221
222
223
224
225
226
227
228
229
230
231
232
233
234
235
236
237
238
239
240
241
242
243
244
245
246
247
248
249
250
251
252
253
254
255
256
257
259
261
262
263
264
265
266
267
268
269
270
271
272
273
274
277
279
281
282
287
289
290
291
295
0
1
3
4
6
8
9
14
18
24
26
32
34
35
40
41
44
45
46
52
55
56
65
81
83
91
92
95
99
105
108
112
114
121
127
128
130
131
133
135
136
141
145
151
153
159
161
162
167
168
171
172
173
179
182
183
192
208
210
218
219
222
226
232
235
239
241
248
254
255
257
258
260
262
263
268
272
278
280
286
288
289
294
295
298
299
0
10
12
13
14
15
16
18
20
24
26
27
28
29
31
33
35
37
38
40
41
42
43
45
46
48
52
54
64
66
67
68
69
70
72
74
78
80
81
82
83
85
87
89
91
92
94
95
96
97
99
100
102
106
108
118
120
121
122
123
124
126
128
132
134
135
136
137
139
141
143
145
146
148
149
150
151
153
154
156
160
162
172
174
175
176
177
178
180
182
186
188
189
190
191
193
195
197
199
200
202
203
204
205
207
208
210
214
216
226
228
229
230
231
232
234
236
240
242
243
244
245
247
249
251
253
254
256
257
258
259
261
262
264
268
270
280
282
283
284
285
286
288
290
294
296
297
298
299
0
22
25
27
28
31
35
38
40
44
48
53
56
60
64
67
70
76
88
90
93
100
102
106
108
109
110
112
113
114
136
139
141
142
145
149
152
154
158
162
167
170
174
178
181
184
190
202
204
207
214
216
220
222
223
224
226
227
228
250
253
255
256
259
263
266
268
272
276
281
284
288
292
295
298
0
15
17
18
19
20
21
22
24
26
29
39
44
48
52
67
69
70
71
72
73
74
76
78
81
91
96
100
104
119
121
122
123
124
125
126
128
130
133
143
148
152
156
171
173
174
175
176
177
178
180
182
185
195
200
204
208
223
225
226
227
228
229
230
232
234
237
247
252
256
260
275
277
278
279
280
281
282
284
286
289
299
0
0
14
15
16
17
18
19
20
22
24
26
30
33
35
36
38
39
44
49
53
56
60
63
66
68
69
71
85
86
87
88
89
90
91
93
95
97
101
104
106
107
109
110
115
120
124
127
131
134
137
139
140
142
156
157
158
159
160
161
162
164
166
168
172
175
177
178
180
181
186
191
195
198
202
205
208
210
211
213
227
228
229
230
231
232
233
235
237
239
243
246
248
249
251
252
257
262
266
269
273
276
279
281
282
284
298
299
0
14
15
16
17
18
19
21
25
59
66
80
81
82
83
84
85
87
91
125
132
146
147
148
149
150
151
153
157
191
198
212
213
214
215
216
217
219
223
257
264
278
279
280
281
282
283
285
289
0
9
12
19
34
42
44
51
54
57
59
60
62
63
64
65
66
67
69
70
72
74
76
78
79
81
82
83
86
90
93
95
96
97
98
99
101
102
104
106
107
109
110
112
114
116
118
122
123
125
127
130
131
133
134
135
136
137
138
139
141
142
143
144
145
146
147
148
150
153
154
155
156
158
159
163
164
165
169
172
181
184
191
206
214
216
223
226
229
231
232
234
235
236
237
238
239
241
242
244
246
248
250
251
253
254
255
258
262
265
267
268
269
270
271
273
274
276
278
279
281
282
284
286
288
290
294
295
297
299
0
12
15
17
19
23
26
27
36
38
41
42
77
89
92
94
96
100
103
104
113
115
118
119
154
166
169
171
173
177
180
181
190
192
195
196
231
243
246
248
250
254
257
258
267
269
272
273
0
9
34
50
59
84
100
109
134
150
159
184
200
209
234
250
259
284
0
2
3
4
5
6
7
8
9
11
13
14
15
16
19
20
22
23
25
26
27
28
30
31
33
35
36
37
41
43
44
45
47
51
57
67
75
80
82
89
91
92
93
97
100
101
105
107
115
118
121
123
124
126
132
138
145
149
150
151
152
156
158
159
160
161
162
163
164
165
167
169
170
171
172
175
176
178
179
181
182
183
184
186
187
189
191
192
193
197
199
200
201
203
207
213
223
231
236
238
245
247
248
249
253
256
257
261
263
271
274
277
279
280
282
288
294
0
5
9
19
21
22
23
25
26
27
28
29
30
31
32
34
35
38
39
40
41
42
43
44
45
46
47
48
49
52
54
55
58
59
60
61
62
63
64
66
67
68
69
70
71
72
73
74
75
76
77
79
80
81
82
83
84
85
88
89
90
92
93
95
100
104
114
116
117
118
120
121
122
123
124
125
126
127
129
130
133
134
135
136
137
138
139
140
141
142
143
144
147
149
150
153
154
155
156
157
158
159
161
162
163
164
165
166
167
168
169
170
171
172
174
175
176
177
178
179
180
183
184
185
187
188
190
195
199
209
211
212
213
215
216
217
218
219
220
221
222
224
225
228
229
230
231
232
233
234
235
236
237
238
239
242
244
245
248
249
250
251
252
253
254
256
257
258
259
260
261
262
263
264
265
266
267
269
270
271
272
273
274
275
278
279
280
282
283
285
290
294
0
17
19
21
23
25
28
32
36
40
43
44
50
52
56
59
67
70
71
76
78
80
81
82
99
101
103
105
107
110
114
118
122
125
126
132
134
138
141
149
152
153
158
160
162
163
164
181
183
185
187
189
192
196
200
204
207
208
214
216
220
223
231
234
235
240
242
244
245
246
263
265
267
269
271
274
278
282
286
289
290
296
298
0
30
33
35
37
38
39
40
42
43
44
45
46
47
48
49
50
51
52
53
54
55
57
59
60
63
65
67
97
100
102
104
105
106
107
109
110
111
112
113
114
115
116
117
118
119
120
121
122
124
126
127
130
132
134
164
167
169
171
172
173
174
176
177
178
179
180
181
182
183
184
185
186
187
188
189
191
193
194
197
199
201
231
234
236
238
239
240
241
243
244
245
246
247
248
249
250
251
252
253
254
255
256
258
260
261
264
266
268
298
0
8
12
14
16
19
29
55
75
78
94
95
96
97
98
99
100
101
102
104
112
116
118
120
123
133
159
179
182
198
199
200
201
202
203
204
205
206
208
216
220
222
224
227
237
263
283
286
0
20
24
28
31
34
37
39
40
41
42
44
45
46
47
48
52
61
68
77
80
85
87
88
89
90
91
92
93
94
95
96
105
111
115
117
120
124
128
132
133
135
136
137
138
140
141
142
143
144
151
160
167
172
176
180
181
182
183
184
185
186
187
188
189
190
191
192
196
201
205
210
212
218
222
227
229
231
233
235
237
238
239
240
260
264
268
271
274
277
279
280
281
282
284
285
286
287
288
292
0
4
7
12
25
44
47
50
53
56
60
95
98
101
104
107
111
146
149
152
155
158
162
197
200
203
206
209
213
248
251
254
257
260
264
299
0
92
96
188
192
284
288
0
31
36
40
44
52
61
74
105
110
114
118
126
135
148
179
184
188
192
200
209
222
253
258
262
266
274
283
296
0
1
2
3
4
5
6
8
14
16
17
18
21
24
26
27
28
30
36
40
41
45
46
47
48
49
50
52
53
58
60
62
63
65
67
69
71
73
74
76
79
82
85
86
87
89
91
96
97
106
107
108
109
110
111
112
114
120
122
123
124
127
130
132
133
134
136
142
146
147
151
152
153
154
155
156
158
159
164
166
168
169
171
173
175
177
179
180
182
185
188
191
192
193
195
197
202
203
212
213
214
215
216
217
218
220
226
228
229
230
233
236
238
239
240
242
248
252
253
257
258
259
260
261
262
264
265
270
272
274
275
277
279
281
283
285
286
288
291
294
297
298
299
0
22
25
28
30
31
39
55
56
58
64
70
79
101
104
107
109
110
118
134
135
137
143
149
158
180
183
186
188
189
197
213
214
216
222
228
237
259
262
265
267
268
276
292
293
295
0
8
16
17
21
24
27
29
31
34
36
39
41
42
48
52
55
59
63
67
71
78
80
85
90
96
105
109
112
114
115
116
118
120
121
122
125
128
132
135
140
143
144
150
158
160
163
166
170
173
177
182
186
190
192
195
196
199
200
201
202
204
208
210
212
215
219
223
228
234
240
248
256
257
261
264
267
269
271
274
276
279
281
282
288
292
295
299
0
18
23
33
40
44
49
57
60
78
84
90
91
100
103
105
107
111
112
115
133
138
148
155
159
164
172
175
193
199
205
206
215
218
220
222
226
227
230
248
253
263
270
274
279
287
290
0
13
15
17
20
24
28
34
39
45
49
50
51
52
53
54
55
56
58
59
61
63
66
69
72
77
79
82
84
97
99
101
104
108
112
118
123
129
133
134
135
136
137
138
139
140
142
143
145
147
150
153
156
161
163
166
168
181
183
185
188
192
196
202
207
213
217
218
219
220
221
222
223
224
226
227
229
231
234
237
240
245
247
250
252
265
267
269
272
276
280
286
291
297
0
14
22
25
28
29
31
32
34
36
37
38
39
40
41
42
44
45
46
47
48
49
50
51
52
53
54
55
56
57
58
60
74
82
85
88
89
91
92
94
96
97
98
99
100
101
102
104
105
106
107
108
109
110
111
112
113
114
115
116
117
118
120
134
142
145
148
149
151
152
154
156
157
158
159
160
161
162
164
165
166
167
168
169
170
171
172
173
174
175
176
177
178
180
194
202
205
208
209
211
212
214
216
217
218
219
220
221
222
224
225
226
227
228
229
230
231
232
233
234
235
236
237
238
240
254
262
265
268
269
271
272
274
276
277
278
279
280
281
282
284
285
286
287
288
289
290
291
292
293
294
295
296
297
298
0
14
16
18
20
23
43
57
59
61
63
66
86
100
102
104
106
109
129
143
145
147
149
152
172
186
188
190
192
195
215
229
231
233
235
238
258
272
274
276
278
281
0
2
5
9
17
20
22
24
25
30
33
37
50
52
135
138
140
143
147
155
158
160
162
163
168
171
175
188
190
273
276
278
281
285
293
296
298
0
12
50
66
74
89
103
111
127
162
178
186
201
215
223
239
274
290
298
0
21
30
34
38
41
44
47
52
56
64
68
71
72
73
74
75
76
77
81
102
109
113
117
119
123
127
131
135
141
145
148
149
150
151
152
153
154
162
184
188
192
196
200
204
208
214
218
222
225
226
227
228
229
230
231
243
263
267
271
275
279
281
285
290
295
299
0
1
2
5
7
8
9
10
11
14
16
18
21
22
25
26
27
29
32
35
43
44
46
47
49
50
55
58
59
61
63
65
67
69
71
73
74
76
77
78
82
83
84
85
86
87
88
89
90
91
92
93
94
95
96
97
98
101
103
104
105
106
107
110
112
114
117
118
121
122
123
125
128
131
139
140
142
143
145
146
151
154
155
157
159
161
163
165
167
169
170
172
173
174
178
179
180
181
182
183
184
185
186
187
188
189
190
191
192
193
194
197
199
200
201
202
203
206
208
210
213
214
217
218
219
221
224
227
235
236
238
239
241
242
247
250
251
253
255
257
259
261
263
265
266
268
269
270
274
275
276
277
278
279
280
281
282
283
284
285
286
287
288
289
290
293
295
296
297
298
299
0
1
11
12
13
17
19
20
22
27
30
33
35
39
40
41
43
44
46
47
48
50
51
52
53
55
57
58
59
60
62
63
64
65
66
67
68
74
76
100
101
111
112
113
117
119
120
122
127
130
133
135
139
140
141
143
144
146
147
148
150
151
152
153
155
157
158
159
160
162
163
164
165
166
167
168
174
176
200
201
211
212
213
217
219
220
222
227
230
233
235
239
240
241
243
244
246
247
248
250
251
252
253
255
257
258
259
260
262
263
264
265
266
267
268
274
276
0
7
13
15
17
19
20
22
23
24
26
31
40
45
47
53
57
60
62
67
69
76
78
80
87
93
95
97
99
100
102
103
104
106
111
120
125
127
133
137
140
142
147
149
156
158
160
167
173
175
177
179
180
182
183
184
186
191
200
205
207
213
217
220
222
227
229
236
238
240
247
253
255
257
259
260
262
263
264
266
271
280
285
287
293
297
0
3
6
7
9
10
11
13
15
17
18
19
22
24
26
30
31
37
38
39
40
42
43
44
46
47
49
51
52
53
55
56
61
63
66
69
70
72
73
74
76
78
80
81
82
85
87
89
93
94
100
101
102
103
105
106
107
109
110
112
114
115
116
118
119
124
126
129
132
133
135
136
137
139
141
143
144
145
148
150
152
156
157
163
164
165
166
168
169
170
172
173
175
177
178
179
181
182
187
189
192
195
196
198
199
200
202
204
206
207
208
211
213
215
219
220
226
227
228
229
231
232
233
235
236
238
240
241
242
244
245
250
252
255
258
259
261
262
263
265
267
269
270
271
274
276
278
282
283
289
290
291
292
294
295
296
298
299
0
1
2
7
10
11
12
13
14
15
16
19
20
21
25
26
27
29
30
41
42
47
50
51
52
54
55
56
61
64
65
66
67
68
69
70
73
74
75
79
80
81
83
84
95
96
101
104
105
106
108
109
110
115
118
119
120
121
122
123
124
127
128
129
133
134
135
137
138
149
150
155
158
159
160
162
163
164
169
172
173
174
175
176
177
178
181
182
183
187
188
189
191
192
203
204
209
212
213
214
216
217
218
223
226
227
228
229
230
231
232
235
236
237
241
242
243
245
246
257
258
263
266
267
268
270
271
272
277
280
281
282
283
284
285
286
289
290
291
295
296
297
299
0
17
21
49
50
67
71
99
100
117
121
149
150
167
171
199
200
217
221
249
250
267
271
299
0
12
16
38
65
80
92
96
118
145
160
172
176
198
225
240
252
256
278
0
11
13
14
16
19
31
39
43
45
47
49
51
53
65
76
78
79
81
84
96
104
108
110
112
114
116
118
130
141
143
144
146
149
161
169
173
175
177
179
181
183
195
206
208
209
211
214
226
234
238
240
242
244
246
248
260
271
273
274
276
279
291
299
0
17
18
33
38
41
42
43
44
45
46
47
48
49
51
52
54
55
56
57
58
60
62
68
70
73
75
76
77
80
82
83
84
86
87
88
89
90
91
92
94
95
96
97
98
99
100
101
102
104
108
110
111
112
113
114
115
117
119
122
125
127
131
132
135
136
138
139
140
141
142
143
144
145
147
148
152
155
157
159
160
161
164
166
167
169
170
172
173
181
198
199
214
219
222
223
224
225
226
227
228
229
230
232
233
235
236
237
238
239
241
243
249
251
254
256
257
258
261
263
264
265
267
268
269
270
271
272
273
275
276
277
278
279
280
281
282
283
285
289
291
292
293
294
295
296
298
0
2
5
8
9
11
13
16
18
19
20
22
24
25
26
27
28
29
30
32
33
34
36
37
38
40
41
42
43
44
45
47
48
49
50
52
54
55
56
58
61
64
65
67
69
72
74
75
76
78
80
81
82
83
84
85
86
88
89
90
92
93
94
96
97
98
99
100
101
103
104
105
106
108
110
111
112
114
117
120
121
123
125
128
130
131
132
134
136
137
138
139
140
141
142
144
145
146
148
149
150
152
153
154
155
156
157
159
160
161
162
164
166
167
168
170
173
176
177
179
181
184
186
187
188
190
192
193
194
195
196
197
198
200
201
202
204
205
206
208
209
210
211
212
213
215
216
217
218
220
222
223
224
226
229
232
233
235
237
240
242
243
244
246
248
249
250
251
252
253
254
256
257
258
260
261
262
264
265
266
267
268
269
271
272
273
274
276
278
279
280
282
285
288
289
291
293
296
298
299
0
19
23
25
28
31
37
43
49
53
61
63
65
67
68
70
73
85
89
108
112
114
117
120
126
132
138
142
150
152
154
156
157
159
162
174
178
197
201
203
206
209
215
221
227
231
239
241
243
245
246
248
251
263
267
286
290
292
295
298
0
29
34
38
41
45
58
61
65
69
73
80
94
123
128
132
135
139
152
155
159
163
167
174
188
217
222
226
229
233
246
249
253
257
261
268
282
0
12
19
23
24
28
31
33
36
44
48
49
55
60
65
77
84
88
89
93
96
98
101
109
113
114
120
125
130
142
149
153
154
158
161
163
166
174
178
179
185
190
195
207
214
218
219
223
226
228
231
239
243
244
250
255
260
272
279
283
284
288
291
293
296
0
1
2
3
4
6
7
8
11
12
13
14
15
16
18
19
20
21
23
25
26
27
28
29
31
32
33
34
36
37
38
39
40
41
42
44
45
46
47
48
49
51
52
53
54
55
57
58
59
60
61
62
63
64
65
66
67
68
69
71
72
73
75
76
78
79
80
81
82
83
84
85
86
87
90
91
92
93
94
95
96
97
98
100
101
102
103
105
106
108
110
111
112
113
114
115
116
117
118
119
120
121
122
123
124
127
128
130
131
132
133
134
135
139
140
141
147
148
149
150
151
153
154
155
156
157
158
159
160
161
162
164
165
166
167
168
169
171
172
173
176
177
178
179
180
181
183
184
185
186
188
190
191
192
193
194
196
197
198
199
201
202
203
204
205
206
207
209
210
211
212
213
214
216
217
218
219
220
222
223
224
225
226
227
228
229
230
231
232
233
234
236
237
238
240
241
243
244
245
246
247
248
249
250
251
252
255
256
257
258
259
260
261
262
263
265
266
267
268
270
271
273
275
276
277
278
279
280
281
282
283
284
285
286
287
288
289
292
293
295
296
297
298
299
0
8
11
14
16
19
28
42
46
54
56
57
58
60
61
63
65
67
74
76
84
87
90
92
95
104
118
122
130
132
133
134
136
137
139
141
143
150
152
160
163
166
168
171
180
194
198
206
208
209
210
212
213
215
217
219
226
228
236
239
242
244
247
256
270
274
282
284
285
286
288
289
291
293
295
0
24
30
33
35
37
40
41
42
44
48
49
52
53
55
56
57
59
60
61
62
63
64
66
67
68
70
71
72
74
76
78
80
83
87
90
91
92
93
94
95
96
97
98
100
101
125
131
134
136
138
141
142
143
145
149
150
153
154
156
157
158
160
161
162
163
164
165
167
168
169
171
172
173
175
177
179
181
184
188
191
192
193
194
195
196
197
198
199
201
202
226
232
235
237
239
242
243
244
246
250
251
254
255
257
258
259
261
262
263
264
265
266
268
269
270
272
273
274
276
278
280
282
285
289
292
293
294
295
296
297
298
299
0
3
5
7
9
11
14
45
48
50
52
54
56
59
90
93
95
97
99
101
104
135
138
140
142
144
146
149
180
183
185
187
189
191
194
225
228
230
232
234
236
239
270
273
275
277
279
281
284
0
21
25
29
32
34
35
37
39
40
42
44
46
47
48
49
50
52
55
59
63
66
68
72
73
94
98
102
105
107
108
110
112
113
115
117
119
120
121
122
123
125
128
132
136
139
141
145
146
167
171
175
178
180
181
183
185
186
188
190
192
193
194
195
196
198
201
205
209
212
214
218
219
240
244
248
251
253
254
256
258
259
261
263
265
266
267
268
269
271
274
278
282
285
287
291
292
0
19
21
22
24
27
31
52
75
94
96
97
99
102
106
127
150
169
171
172
174
177
181
202
225
244
246
247
249
252
256
277
0
12
14
15
16
18
19
21
23
25
29
45
57
59
60
61
63
64
66
68
70
74
90
102
104
105
106
108
109
111
113
115
119
135
147
149
150
151
153
154
156
158
160
164
180
192
194
195
196
198
199
201
203
205
209
225
237
239
240
241
243
244
246
248
250
254
270
282
284
285
286
288
289
291
293
295
299
