0.07820399
0.02355768
0.07130052
0.10587328
0.03403435
0.04794363
0.06764275
0.1253368
0.019720908
0.1312158
0.109684676
0.0
0.06228896
0.04593493
0.0
0.054331824
0.12064925
0.025903605
0.043503866
0.024130125
0.050266918
0.0
0.054338083
0.026076073
0.0
0.058751114
0.058503468
0.05227049
0.024509227
0.0
0.0
0.030293152
0.0033324235
0.031645488
0.026235724
0.055532616
0.03402633
0.0
0.06286264
0.0684857
0.047075395
0.092048585
0.0
0.034719832
0.031504374
0.113409206
0.0
0.052436884
0.05537612
0.056401316
0.064414605
0.0
0.02781261
0.062211793
0.055548918
0.06544853
0.026528912
0.10926548
0.0
0.07305715
0.039773423
0.027748104
0.055937964
0.0
0.007202244
0.0
0.0349488
0.06509897
0.03747494
0.0
0.0
0.091135725
0.0218049
0.13412468
0.008757281
0.02582689
0.01388464
0.068695754
0.075042576
0.056873374
0.051215786
0.0
0.06718476
0.0
0.035339624
0.06103913
0.01602933
0.0
0.07796926
0.040822223
0.037844326
0.038098574
0.0725746
0.027236475
0.06296117
0.041427977
0.0
0.04278509
0.11312054
0.0628877
0.07825628
0.053292744
0.032337796
0.048248433
0.04166493
0.0092782425
0.0
0.4521709
0.0
0.08279804
0.03164199
0.054585118
0.051577892
0.073477365
0.10041369
0.012016968
0.0
0.0
0.030240953
0.06931153
0.06272968
0.04154139
0.05019701
0.0
0.0
0.073378146
0.0056500165
0.036619823
0.045128375
0.05557132
0.09187624
0.12708575
0.097250104
0.025648601
0.05437774
0.04342444
0.053506896
0.06930457
0.029386938
0.02178717
0.041101415
0.05161419
0.05757651
0.024171563
0.07405576
0.0
0.0471962
0.033307374
0.040788352
0.0
0.0
0.045857385
0.07314365
0.05091722
0.029166296
0.077490255
0.0528898
4.9537854e-09
0.044060033
0.030853478
0.032885704
0.08221633
0.0
0.037015986
0.11547285
0.0
0.039449498
0.097273424
0.06457202
0.03855735
0.0
0.0
0.03613586
0.121207625
0.050461605
0.03959384
0.01429845
0.095675945
0.039937146
0.03966901
0.15477899
0.027770037
0.08073984
0.045943595
0.1173405
0.0
0.051828355
0.078496955
0.022381661
0.06876956
0.0
0.0509655
0.08375544
0.05014873
0.07500073
0.107199
0.040076897
0.0
0.0
0.11339533
0.0
0.0
0.0
0.056551103
0.05453706
0.056854807
0.058855932
0.009769838
0.0
0.0
0.034159943
0.03433456
0.025990719
0.008993916
0.016017253
0.013362169
0.0
0.0767235
0.112944886
0.0
0.0
0.11827223
0.0
0.055175744
0.09732008
0.07424591
0.041767184
0.021676198
0.029909974
0.06594099
0.028869573
0.02839862
0.049297225
0.044563428
0.08197241
0.03306749
0.04379729
0.0
0.06501823
0.0
0.018259708
0.03572375
0.06542607
0.011441789
0.02724176
0.035503
0.0227224
0.0
1.9955107e-06
0.03642469
0.0
0.026876343
0.0
0.05755422
0.04854183
0.022334374
