9
21
27
51
56
12
45
10
23
30
13
5
15
29
60
0
52
42
49
37
35
40
26
36
14
7
18
34
54
17
8
25
2
24
55
9
51
45
5
27
21
12
15
30
29
60
10
13
23
37
0
54
26
7
42
56
14
52
18
40
17
35
49
58
8
34
25
6
38
36
9
5
27
51
52
30
29
0
45
60
15
54
7
21
23
13
12
26
18
10
37
42
40
58
17
25
14
56
8
6
38
34
49
36
20
55
35
41
24
5
0
52
30
23
21
45
51
15
9
27
26
60
13
37
25
29
18
58
10
17
40
12
38
42
6
54
49
7
8
36
55
14
56
35
20
34
41
24
20
27
33
57
70
78
82
24
62
55
126
61
3
102
52
54
48
80
89
109
46
15
19
16
125
77
71
112
123
31
22
56
37
63
118
66
72
9
68
14
40
5
11
65
124
45
53
90
41
28
98
95
39
84
36
32
85
38
34
113
6
75
30
81
106
99
69
10
26
105
12
17
116
64
73
104
50
58
59
100
67
114
97
88
122
103
18
74
108
92
13
93
7
119
101
86
29
1
8
60
0
51
111
25
83
76
94
47
127
23
44
102
52
54
118
89
109
37
39
38
11
80
22
62
63
123
77
19
28
124
5
71
40
95
9
56
85
65
53
48
15
36
98
16
104
45
34
6
90
32
82
81
84
72
126
26
59
70
113
27
75
12
41
55
3
116
68
14
30
66
108
105
114
112
99
46
10
31
106
93
17
88
86
64
58
100
50
69
24
119
18
61
67
13
92
20
122
125
51
101
111
44
74
29
94
57
83
0
7
60
8
76
103
1
2
107
25
118
37
54
52
63
48
19
95
80
36
98
5
102
62
56
85
104
77
6
53
34
16
123
114
108
26
59
38
109
81
84
41
75
100
72
89
11
124
27
113
45
32
88
70
86
15
65
71
67
126
22
10
90
39
106
17
13
66
68
14
31
30
116
28
64
9
61
3
99
92
105
55
58
96
112
82
51
18
93
69
101
119
44
111
0
24
46
57
74
110
122
40
29
125
12
8
60
50
7
94
20
87
76
1
47
83
