14
117
190
86
126
205
214
85
231
60
90
3
226
222
133
120
134
31
93
55
157
67
0
180
202
59
101
227
88
146
82
91
45
159
234
143
142
64
218
84
51
151
241
62
112
104
138
215
229
83
7
154
152
209
184
216
10
95
177
119
238
17
140
5
97
6
40
1
207
35
135
217
219
188
206
69
48
124
89
61
37
170
111
72
77
79
131
201
103
232
161
78
109
16
132
247
230
197
175
160
242
129
8
29
196
73
25
248
174
136
194
254
11
28
155
210
68
110
251
107
99
123
239
128
113
49
237
178
54
246
145
199
34
2
147
21
233
240
223
94
195
116
235
153
18
57
181
20
105
50
191
236
192
125
96
183
87
71
118
224
189
250
115
36
30
52
187
100
53
255
75
141
220
193
167
164
252
27
185
162
221
148
70
24
39
208
198
43
156
42
182
76
150
249
15
158
204
102
65
22
203
26
74
108
137
98
213
244
176
81
121
106
179
225
139
166
243
4
163
172
80
13
23
56
92
33
38
58
44
228
173
130
127
19
200
