0.0042195604
0.0024324874
0.0034389147
0.005142559
0.00285751
0.0029802648
0.0036697923
0.0032254371
0.003225638
0.011425763
0.0033537676
0.0033324866
0.004388408
0.0025066505
0.003221458
0.0033985958
0.0030992627
0.0035407266
0.0036548795
0.004384803
0.00296393
0.004138429
0.005011944
0.0053696423
0.0026122998
0.0032758792
0.0021284616
0.0044666347
0.0031519502
0.003651114
0.0036155712
0.0031431406
0.0028099911
0.0044575618
0.0048708757
0.0023933216
0.004303508
0.0041524107
0.0020000897
0.0011227496
0.0036972002
0.004781828
0.0041227667
0.0025499838
0.0025508557
0.0031871295
0.0038036536
0.003364243
0.0013417494
0.0041413484
0.0039339685
0.00325904
0.0045631733
0.0035526492
0.004084243
0.003622944
0.003334165
0.003018415
0.003809355
0.0036166708
0.0033122478
0.00475893
0.0044918354
0.0037925239
0.005192569
0.0036378945
0.005806118
0.003362018
0.0033042312
0.0040050307
0.0033357053
0.0032776624
0.0045017297
0.002468873
0.003703575
0.0039030602
0.0043025515
0.003438126
0.0035140961
0.0040307622
0.004701302
0.0039192135
0.0035201274
0.002889306
0.002976435
0.0030991742
0.002975453
0.0023872608
0.0046515795
0.003607156
0.0034924718
0.0024194347
0.004177964
0.0049897376
0.0021136375
0.0034550177
0.0041271574
0.0033459528
0.0044556074
0.0046639317
0.0019181176
0.0018754767
0.0021322097
0.0038199255
0.003865684
0.0034618138
0.004731329
0.0027523898
0.0016422095
0.004243786
0.0028665762
0.0029721446
0.0019088666
0.0008619749
0.006490617
0.0029586586
0.0037870242
0.0041960855
0.0045751375
0.0034862335
0.0030228267
0.0038396122
0.002569911
0.0029553457
0.0021576753
0.0024875533
0.0035091627
0.0023956248
0.0032589284
0.0030776153
0.005502471
0.0015931384
0.0029796697
0.004212811
0.0015881994
0.0036875047
0.0029697989
0.006173231
0.0043160133
0.0030139056
0.002692846
0.004093255
0.0033814867
0.0029306584
0.001973081
0.0053203334
0.0015780367
0.00195442
0.0036738978
0.0049163285
0.0033083272
0.0036495717
0.0031303847
0.0033838898
0.0021015892
0.0031610862
0.0043833316
0.0041533536
0.004601448
0.0041778944
0.0038545649
0.003940117
0.003577284
0.005204976
0.003051451
0.005307778
0.004957246
0.0024665252
0.0048899744
0.005371891
0.002938473
0.004676104
0.0039308053
0.0036147216
0.004559683
0.0042360136
0.003776754
0.0039253193
0.0021144908
0.0041513154
0.0036012377
0.0036349196
0.004033418
0.002479949
0.0027362003
0.0031007929
0.002112023
0.0027172915
0.0032101625
0.00474462
0.0030479946
0.0063306475
0.0033194935
0.003852312
0.00259526
0.0028747113
0.0033003597
0.004043141
0.0015467283
0.0030313078
0.0029788634
0.0042822147
0.005367016
0.004876934
0.0044069523
0.0027726751
0.0022102431
0.004214779
0.003898066
0.003050822
0.0030945134
0.0027700942
0.0024525323
0.002370279
0.0039015021
0.0022343711
0.004358866
0.0038574548
0.00417999
0.0031489464
0.004546742
0.0032304262
0.0028841349
0.003430313
0.0035645217
0.0038759252
0.0040404424
0.0033811254
0.0030524032
0.004194829
0.003154238
0.0039454666
0.0033939683
0.0024713043
0.0033046824
0.0037978142
0.0015747562
0.00338773
0.003386235
0.0025846271
0.004946371
0.0043417467
0.0033164043
0.003315072
0.0039188666
0.0043261144
0.0033061106
0.003929844
0.0033630147
0.0042094137
0.003219097
0.004000032
0.004714261
0.0046305507
0.003746628
0.004360999
