113
39
48
198
236
146
134
131
108
101
112
100
147
144
38
154
186
94
178
26
102
124
206
215
213
87
35
127
91
1
212
167
73
233
183
125
13
43
44
122
239
194
24
140
187
184
107
211
205
32
4
110
195
222
83
143
170
123
115
20
136
111
86
84
200
132
5
139
57
120
199
190
209
164
228
129
210
85
16
185
152
31
219
28
230
155
45
188
250
14
7
8
221
128
51
25
71
196
68
234
246
150
60
243
242
192
11
56
70
97
10
67
248
47
227
142
153
238
237
232
15
223
77
2
95
105
119
90
126
78
82
17
53
224
162
180
89
173
30
59
55
181
65
151
29
18
6
148
135
40
74
254
176
