0.4313144385814667
0.5029728412628174
0.4414430260658264
0.43443939089775085
0.4219229519367218
0.4533672630786896
0.4427260756492615
0.4442521631717682
0.4828530550003052
0.4758560359477997
0.45047029852867126
0.46546471118927
0.42895281314849854
0.4629151523113251
0.4525987505912781
0.444325715303421
0.421769380569458
0.4669395387172699
0.4338158965110779
0.4516321122646332
0.442496120929718
0.4395768940448761
0.45365065336227417
0.45669808983802795
0.4367457330226898
0.449312299489975
0.4481304883956909
0.4528250992298126
0.4242607653141022
0.4653940796852112
0.4333416521549225
0.4442859888076782
0.4355900287628174
0.449785977602005
0.4606498181819916
0.4628964364528656
0.4438304007053375
0.4578251838684082
0.45350193977355957
0.4492010176181793
0.4229483902454376
0.460223913192749
0.4525434672832489
0.43422526121139526
0.4431920051574707
0.4627492129802704
0.44827014207839966
0.46299540996551514
0.455926775932312
0.44010236859321594
0.4355440139770508
0.4468120336532593
0.43817320466041565
0.44893547892570496
0.45106181502342224
0.5062332153320312
0.4430026113986969
0.4596843123435974
0.4691772162914276
0.4655907452106476
0.42165809869766235
0.4988020658493042
0.45323750376701355
0.43878304958343506
