0.2917785048484802
0.299856573343277
0.2947830557823181
0.25623980164527893
0.2648421823978424
0.2795577645301819
0.26397037506103516
0.28870195150375366
0.2706207036972046
0.27709728479385376
0.2675943970680237
0.28511399030685425
0.2639136016368866
0.2570246756076813
0.30706456303596497
0.28289005160331726
0.3236882984638214
0.28548958897590637
0.3339936435222626
0.27009478211402893
0.3010321855545044
0.3053043782711029
0.2739371061325073
0.34515270590782166
0.27475404739379883
0.29252874851226807
0.2781011164188385
0.2798106372356415
0.2728257477283478
0.25211024284362793
0.2908758819103241
0.27733463048934937
0.298439621925354
0.2778697907924652
0.3015156090259552
0.25923702120780945
0.26913848519325256
0.2908148765563965
0.30455172061920166
0.30405816435813904
0.2732193171977997
0.2901711165904999
0.26591452956199646
0.27105772495269775
0.2755593955516815
0.25712499022483826
0.27678194642066956
0.2791632115840912
0.2668412923812866
0.2708457112312317
0.2673313021659851
0.26934483647346497
0.2838066518306732
0.2618381679058075
0.26739928126335144
0.3001749515533447
0.26757267117500305
0.2862910330295563
0.27469155192375183
0.27977171540260315
0.2720072865486145
0.26016858220100403
0.2802247107028961
0.27883943915367126
0.29850566387176514
0.26677006483078003
0.2618848979473114
0.27075955271720886
0.2899865508079529
0.3036009669303894
0.2788180410861969
0.32307368516921997
0.27728942036628723
0.3091595470905304
0.2714163064956665
0.26899582147598267
0.2840252220630646
0.2674783766269684
0.3094292879104614
0.28113165497779846
0.3047146201133728
0.2733226716518402
0.2701418101787567
0.2846520245075226
0.3153918385505676
0.27978581190109253
0.26220887899398804
0.27827438712120056
0.2848436236381531
0.3486461639404297
0.2820180356502533
0.2844030559062958
0.2936416566371918
0.27295953035354614
0.29499751329421997
0.27983933687210083
0.3211055099964142
0.2661795914173126
0.25738799571990967
0.2595524191856384
0.2782776653766632
0.2632385194301605
0.2646389901638031
0.3261711299419403
0.2700042426586151
0.27950114011764526
0.2697185277938843
0.267343670129776
0.28643205761909485
0.2700316309928894
0.3496953547000885
0.3388577997684479
0.29873692989349365
0.2772864103317261
0.2965325713157654
0.24867479503154755
0.26329466700553894
0.32860907912254333
0.3275321125984192
0.2865656912326813
0.26482686400413513
0.27852585911750793
0.2767457664012909
0.3099296987056732
0.2988795042037964
0.2639337480068207
0.28461652994155884
0.27463239431381226
