0.5114708542823792
0.5826716423034668
0.5278939604759216
0.5167565941810608
0.4985079765319824
0.5452616810798645
0.5248681902885437
0.522530198097229
0.5624294877052307
0.5663159489631653
0.5377175807952881
0.5547208189964294
0.5112521648406982
0.5447666645050049
0.5354149341583252
0.5249419808387756
0.5027560591697693
0.5431514978408813
0.5209225416183472
0.5350614786148071
0.522127628326416
0.5223662853240967
0.5337345600128174
0.5362431406974792
0.5142932534217834
0.5315654873847961
0.5294090509414673
0.5374792814254761
0.5024634003639221
0.5415262579917908
0.5222669839859009
0.5228657126426697
0.5106929540634155
0.5307580232620239
0.5456814765930176
0.5439841151237488
0.5279377102851868
0.5384636521339417
0.5371975302696228
0.5331903696060181
0.5022425055503845
0.5384925603866577
0.5445893406867981
0.5143038034439087
0.5399771332740784
0.5475342273712158
0.533903956413269
0.545374870300293
0.5384818911552429
0.5217397212982178
0.5178533792495728
0.5327917337417603
0.5235612392425537
0.529175341129303
0.5356870293617249
0.6025815606117249
0.5202977061271667
0.5439932942390442
0.5642221570014954
0.5551650524139404
0.5001734495162964
0.5685272216796875
0.5463162660598755
0.5170618295669556
