0.0481603741645813
0.05227213352918625
0.048420146107673645
0.05451280251145363
0.0706891119480133
0.03628820180892944
0.028926992788910866
0.0378042571246624
0.04379377141594887
0.023683317005634308
0.0351017490029335
0.05699712783098221
0.0411691777408123
0.04223039001226425
0.05574953928589821
0.057660892605781555
0.02965971827507019
0.03218752145767212
0.05170809105038643
0.042333461344242096
0.04103391245007515
0.0524393655359745
0.066169373691082
0.03284468501806259
0.026244204491376877
0.04588352143764496
0.04639698937535286
0.028939979150891304
0.04143237695097923
0.06288963556289673
0.037744659930467606
0.020647024735808372
0.07933881878852844
0.06106801703572273
0.026810208335518837
0.04880445823073387
0.08204871416091919
0.0403219573199749
0.028926992788910866
0.057787876576185226
0.06587757170200348
0.06063959747552872
0.06484895944595337
0.07361656427383423
0.042387593537569046
0.029691217467188835
0.061771027743816376
0.06588767468929291
0.02965971827507019
0.03368862718343735
0.04728849232196808
0.040638696402311325
0.02881845273077488
0.046032652258872986
0.06015156954526901
0.032877467572689056
0.023911302909255028
0.041391950100660324
0.04250941053032875
0.028939979150891304
0.04431411996483803
0.06705371290445328
0.03687329962849617
0.020647024735808372
0.059637147933244705
0.05755047872662544
0.026810208335518837
0.04033439978957176
0.06196177750825882
0.03657348081469536
0.028926992788910866
0.042108580470085144
0.04655921086668968
0.023683317005634308
0.03799871355295181
0.06912364065647125
0.051477089524269104
0.06278734654188156
0.05961257219314575
0.05607472360134125
0.02965971827507019
0.029158078134059906
0.04799116030335426
0.03813483193516731
0.02881845273077488
0.040577907115221024
0.0509367361664772
0.031988680362701416
0.025414416566491127
0.04492775350809097
0.045999400317668915
0.028939979150891304
0.038914892822504044
0.05392749607563019
0.03457842767238617
0.020647024735808372
0.04748866334557533
0.04785694554448128
0.026810208335518837
0.03067476488649845
0.04794851690530777
0.02734830416738987
0.028926992788910866
0.060701895505189896
0.059897176921367645
0.023683317005634308
0.03595404699444771
0.054396528750658035
0.03379649296402931
0.029691217467188835
0.05357525870203972
0.05760468542575836
0.037950579077005386
0.043651461601257324
0.04775257408618927
0.04007970169186592
0.02881845273077488
0.05239815637469292
0.06751950085163116
0.04352591186761856
0.048924196511507034
0.051638614386320114
0.049107249826192856
0.028939979150891304
0.042754560708999634
0.05990257486701012
0.03584425896406174
0.020647024735808372
0.0547802597284317
0.05166728422045708
0.026810208335518837
0.030332256108522415
0.0527363121509552
0.028153885155916214
0.028926992788910866
0.05976296216249466
0.06779591739177704
0.023683317005634308
0.04186243191361427
0.07399169355630875
0.04326792433857918
0.029691217467188835
0.059979699552059174
0.05883593112230301
0.02965971827507019
0.03249495103955269
0.06379911303520203
0.04841826856136322
0.02881845273077488
0.04064721614122391
0.0588943287730217
0.0332065112888813
0.027545064687728882
0.059247586876153946
0.05262146145105362
0.028939979150891304
0.04618283361196518
0.07191286236047745
0.03901677206158638
0.020647024735808372
0.06453990191221237
0.063274085521698
0.026810208335518837
0.026075636968016624
0.040710996836423874
0.028921039775013924
0.028926992788910866
0.06855984777212143
0.06688044220209122
0.05847026780247688
0.05788878723978996
0.05553283542394638
0.03529801219701767
0.029691217467188835
0.039776694029569626
0.03563150390982628
0.02965971827507019
0.03941767290234566
0.07116588950157166
0.052392713725566864
0.02881845273077488
0.04110955446958542
0.05815514177083969
0.03185182809829712
0.02665862999856472
0.06706836074590683
0.058433614671230316
0.028939979150891304
0.0443781241774559
0.06310097873210907
0.036900803446769714
0.020647024735808372
0.06824345886707306
0.05519459769129753
0.026810208335518837
0.025796322152018547
0.041111208498477936
0.02431624010205269
0.028926992788910866
0.05717509984970093
0.05664709582924843
0.023683317005634308
0.034064244478940964
0.05623459443449974
0.034639131277799606
0.029691217467188835
0.06047350540757179
0.06223545968532562
0.02965971827507019
0.03077170066535473
0.051759347319602966
0.04038368910551071
0.02881845273077488
0.029877377673983574
0.0513661652803421
0.03135966882109642
0.029900748282670975
0.06118009239435196
0.05976717919111252
0.028939979150891304
0.05209755897521973
0.0746179074048996
0.06424199044704437
0.0491037555038929
0.06633954495191574
0.05950184538960457
0.026810208335518837
0.03717568889260292
0.068751260638237
0.03363629803061485
0.028926992788910866
0.04415881633758545
0.04784303158521652
0.023683317005634308
0.04031495749950409
0.07496688514947891
0.06244345381855965
0.06732317060232162
0.05682365968823433
0.04858347401022911
0.031808096915483475
0.033757127821445465
0.04345579445362091
0.03558531776070595
0.02881845273077488
0.051856353878974915
0.07040487229824066
0.05752983316779137
0.05975416675209999
0.052154816687107086
0.049618467688560486
0.028939979150891304
0.02973395586013794
0.050596535205841064
0.03924752399325371
0.03427765145897865
