0.06290680915117264
0.06981784105300903
0.05616813898086548
0.06387630105018616
0.08295503258705139
0.036195557564496994
0.013686058111488819
0.04437712952494621
0.05813979357481003
0.007637651637196541
0.04193707928061485
0.06380663067102432
0.050841230899095535
0.04860055074095726
0.05742431432008743
0.07383488118648529
0.017440449446439743
0.025984855368733406
0.07354104518890381
0.058156564831733704
0.045278724282979965
0.06481471657752991
0.07519885897636414
0.02585357055068016
0.02424699254333973
0.05978069454431534
0.060449615120887756
0.013817361555993557
0.05643812194466591
0.07676997780799866
0.026572981849312782
0.012655994854867458
0.08576600253582001
0.07592204213142395
0.008966274559497833
0.05453187972307205
0.09097219258546829
0.041997235268354416
0.013686058111488819
0.0697234496474266
0.08811022341251373
0.0621073916554451
0.08143267035484314
0.07631126791238785
0.04469459503889084
0.014118709601461887
0.06306581199169159
0.08164211362600327
0.017440449446439743
0.029788412153720856
0.07518929243087769
0.044288262724876404
0.01383328065276146
0.05205734819173813
0.06578072905540466
0.025279155001044273
0.01963660679757595
0.05039122328162193
0.05270742252469063
0.013817361555993557
0.046654295176267624
0.07725484669208527
0.029022784903645515
0.012655994854867458
0.06882110983133316
0.0801105722784996
0.008966274559497833
0.045036885887384415
0.06563744693994522
0.035758960992097855
0.013686058111488819
0.04789130389690399
0.06075087562203407
0.007637651637196541
0.050399478524923325
0.08336307853460312
0.06360208988189697
0.06432200223207474
0.06281721591949463
0.0746115893125534
0.017440449446439743
0.027099696919322014
0.06585191935300827
0.03994345664978027
0.01383328065276146
0.04759165272116661
0.05244472622871399
0.022765247151255608
0.020973993465304375
0.055492911487817764
0.05328282341361046
0.013817361555993557
0.04182485491037369
0.06055048108100891
0.026101890951395035
0.012655994854867458
0.055136676877737045
0.06901662051677704
0.008966274559497833
0.0420738086104393
0.052650704979896545
0.028203174471855164
0.013686058111488819
0.062255945056676865
0.07341521233320236
0.007637651637196541
0.04516419395804405
0.06729698926210403
0.03621853142976761
0.014118709601461887
0.0487232506275177
0.08525389432907104
0.03677106276154518
0.057684462517499924
0.0681595653295517
0.03845113143324852
0.01383328065276146
0.054713450372219086
0.07195114344358444
0.05495190620422363
0.06565336138010025
0.06038796156644821
0.061570629477500916
0.013817361555993557
0.04542537033557892
0.07079518586397171
0.029378816485404968
0.012655994854867458
0.05949639156460762
0.070939801633358
0.008966274559497833
0.04321231320500374
0.0606708899140358
0.02964397706091404
0.013686058111488819
0.07132565230131149
0.08462788909673691
0.007637651637196541
0.0447315089404583
0.09286705404520035
0.043196212500333786
0.014118709601461887
0.05955391004681587
0.08846714347600937
0.017440449446439743
0.024491731077432632
0.08553819358348846
0.047469161450862885
0.01383328065276146
0.04781145229935646
0.07317627221345901
0.028802094981074333
0.022420931607484818
0.067576102912426
0.07193340361118317
0.013817361555993557
0.05787161365151405
0.07915326207876205
0.029299359768629074
0.012655994854867458
0.06817042827606201
0.07851332426071167
0.008966274559497833
0.03564038500189781
0.04503908380866051
0.02784249745309353
0.013686058111488819
0.07325831800699234
0.08071612566709518
0.06297202408313751
0.07971064001321793
0.0666818618774414
0.03604579716920853
0.014118709601461887
0.03848247602581978
0.04970591142773628
0.017440449446439743
0.031370729207992554
0.09760507941246033
0.055918511003255844
0.01383328065276146
0.045911870896816254
0.06634456664323807
0.024109678342938423
0.018377667292952538
0.07820574194192886
0.06754718720912933
0.013817361555993557
0.0504697784781456
0.07511059194803238
0.028092127293348312
0.012655994854867458
0.06497831642627716
0.06356973201036453
0.008966274559497833
0.04243766888976097
0.04292046278715134
0.024125082418322563
0.013686058111488819
0.06078705936670303
0.06830986589193344
0.007637651637196541
0.04022883251309395
0.06366836279630661
0.03462516516447067
0.014118709601461887
0.06514628231525421
0.09259986877441406
0.017440449446439743
0.025470469146966934
0.07274889945983887
0.04014042392373085
0.01383328065276146
0.049502044916152954
0.05979495868086815
0.024265211075544357
0.025715157389640808
0.07411772012710571
0.07354502379894257
0.013817361555993557
0.06063468009233475
0.0875382199883461
0.05635778233408928
0.06304675340652466
0.06506477296352386
0.07556440681219101
0.008966274559497833
0.043288107961416245
0.07398129254579544
0.035026878118515015
0.013686058111488819
0.050120603293180466
0.06566013395786285
0.007637651637196541
0.0492219477891922
0.08622688055038452
0.07352916896343231
0.06594822555780411
0.05656605213880539
0.0659281462430954
0.026277784258127213
0.041800010949373245
0.07528553903102875
0.03768175095319748
0.01383328065276146
0.05954979732632637
0.08092796802520752
0.06412769854068756
0.07382259517908096
0.06054852530360222
0.05859031528234482
0.013817361555993557
0.043578844517469406
0.062443993985652924
0.04253191128373146
0.0509626530110836
