113
48
39
198
144
147
131
236
146
134
43
38
206
13
91
101
100
35
108
215
1
32
102
20
186
112
155
233
94
222
124
125
111
44
56
183
26
194
152
154
200
167
195
164
24
178
212
132
122
213
31
103
190
210
136
73
127
139
60
83
143
120
28
71
19
90
250
211
123
107
246
110
199
170
85
126
87
140
4
128
187
74
185
184
2
8
205
67
239
129
97
25
223
219
234
238
148
209
30
37
45
6
14
224
225
188
105
248
84
55
196
221
16
237
115
197
192
177
214
95
5
247
242
51
86
161
230
153
47
151
53
57
251
7
176
193
78
218
181
228
254
50
145
231
229
46
104
69
175
29
65
227
54
157
162
235
207
79
179
76
201
80
77
121
88
149
243
10
33
68
160
253
92
63
217
15
42
17
81
70
89
11
168
0
82
34
119
244
142
96
18
249
141
109
72
182
180
98
36
226
75
64
172
203
