0.21879319846630096
0.23386642336845398
0.24579481780529022
0.20404751598834991
0.20790457725524902
0.2247362583875656
0.2113727629184723
0.2525610625743866
0.19623248279094696
0.21579588949680328
0.22729438543319702
0.21835054457187653
0.2124432623386383
0.19897769391536713
0.22731450200080872
0.2073625773191452
0.2787628471851349
0.22918416559696198
0.2801084816455841
0.2187628448009491
0.2573915421962738
0.27441954612731934
0.21656958758831024
0.30231788754463196
0.19490119814872742
0.21478573977947235
0.21905601024627686
0.21312002837657928
0.21685068309307098
0.19557543098926544
0.251004695892334
0.21050764620304108
0.2321798950433731
0.20757560431957245
0.23428666591644287
0.20830745995044708
0.21066422760486603
0.23422598838806152
0.25477927923202515
0.2722378969192505
0.19493205845355988
0.21831253170967102
0.2105659693479538
0.2100488394498825
0.22126787900924683
0.19869212806224823
0.23629511892795563
0.212654709815979
0.2239616960287094
0.2019759714603424
0.21931730210781097
0.22230398654937744
0.22386115789413452
0.20839634537696838
0.20324774086475372
0.25213155150413513
0.20868538320064545
0.21668173372745514
0.2246631234884262
0.23943954706192017
0.2329062819480896
0.20428341627120972
0.23795662820339203
0.2107575386762619
0.22168828547000885
0.20043808221817017
0.2165907323360443
0.2190617024898529
0.2254646271467209
0.2384231984615326
0.20703637599945068
0.2552490830421448
0.2054804116487503
0.2576378881931305
0.21278639137744904
0.2062738537788391
0.23581163585186005
0.2080654501914978
0.26127707958221436
0.21110841631889343
0.2570052146911621
0.19644060730934143
0.20765197277069092
0.23887306451797485
0.27112361788749695
0.23322369158267975
0.20160387456417084
0.2216675579547882
0.21471886336803436
0.27780964970588684
0.2114999145269394
0.2074122130870819
0.25901517271995544
0.22126924991607666
0.23820291459560394
0.2090446501970291
0.28544241189956665
0.19393502175807953
0.20472761988639832
0.21708032488822937
0.2212783694267273
0.22115369141101837
0.20687413215637207
0.257882684469223
0.19615031778812408
0.22482557594776154
0.20230521261692047
0.1970585137605667
0.23788921535015106
0.20923203229904175
0.3100075125694275
0.26200398802757263
0.24405433237552643
0.21064592897891998
0.24863113462924957
0.20181214809417725
0.20861437916755676
0.2937174141407013
0.28898322582244873
0.2475089132785797
0.19811129570007324
0.20856423676013947
0.22508284449577332
0.2548947036266327
0.2520153224468231
0.20413434505462646
0.21594299376010895
0.21531540155410767
