0.5745380520820618
0.6371673345565796
0.5885055065155029
0.5781548023223877
0.5660541653633118
0.6007778644561768
0.5852642059326172
0.5852664113044739
0.6268743872642517
0.6375504732131958
0.6076814532279968
0.6179799437522888
0.5702164769172668
0.6044061183929443
0.5929417610168457
0.5869528651237488
0.5748869180679321
0.6039974093437195
0.5851879715919495
0.6026372909545898
0.5805801153182983
0.5872654318809509
0.5926285982131958
0.5985937118530273
0.5795959234237671
0.595909595489502
0.592981219291687
0.5921620726585388
0.5687878131866455
0.607246994972229
0.5844284892082214
0.5864281058311462
0.5771467089653015
0.5955612063407898
0.6031705141067505
0.6017468571662903
0.5947734713554382
0.5933340191841125
0.6002917885780334
0.5989056825637817
0.5738811492919922
0.599552571773529
0.6134219169616699
0.5751416683197021
0.619422972202301
0.6051467061042786
0.6021884083747864
0.6005313396453857
0.607796847820282
0.5848490595817566
0.584877073764801
0.5949146747589111
0.5846012830734253
0.584632933139801
0.5981999039649963
0.6768507957458496
0.5864037275314331
0.6032527685165405
0.6364050507545471
0.6238052248954773
0.5640712976455688
0.6275878548622131
0.6003153920173645
0.5796825289726257
