0.35147374868392944
0.4079444110393524
0.3327576220035553
0.35982024669647217
0.3140053451061249
0.3560912013053894
0.3241472840309143
0.31735652685165405
0.37912145256996155
0.3667612671852112
0.3671211302280426
0.3647392988204956
0.3202303349971771
0.34198683500289917
0.346932977437973
0.329355925321579
0.31250202655792236
0.36800113320350647
0.3162331283092499
0.37398388981819153
0.33686715364456177
0.31940287351608276
0.3461998999118805
0.3286558985710144
0.32577887177467346
0.3368864357471466
0.3306795656681061
0.35112231969833374
0.3266069293022156
0.3753516376018524
0.3225862979888916
0.3181685507297516
0.3266754746437073
0.33979663252830505
0.35913825035095215
0.34941208362579346
0.32251694798469543
0.3502782881259918
0.34147822856903076
0.3268139362335205
0.3136274218559265
0.36062195897102356
0.36254096031188965
0.3217988908290863
0.3243713080883026
0.3445300757884979
0.3311796188354492
0.3469024896621704
0.3488505780696869
0.327668160200119
0.314043790102005
0.3347209692001343
0.3189454972743988
0.34332048892974854
0.3398613929748535
0.4195907413959503
0.33614999055862427
0.3519415855407715
0.3552979826927185
0.3880448639392853
0.33988407254219055
0.436467707157135
0.3508957624435425
0.3485271632671356
