0.1951451152563095
0.21792571246623993
0.23750117421150208
0.1764417290687561
0.17283226549625397
0.19785133004188538
0.198177307844162
0.21994823217391968
0.1693635731935501
0.1898045390844345
0.2058199942111969
0.19157351553440094
0.17786599695682526
0.1738162487745285
0.21137568354606628
0.17851851880550385
0.2859584391117096
0.20045290887355804
0.2627291679382324
0.18654955923557281
0.22565771639347076
0.24188105762004852
0.1849335879087448
0.27716127038002014
0.16698721051216125
0.1867022067308426
0.19862574338912964
0.18568404018878937
0.1826653629541397
0.17151528596878052
0.2182789444923401
0.17924806475639343
0.20198513567447662
0.17817047238349915
0.21112734079360962
0.17452366650104523
0.17180736362934113
0.210123673081398
0.2381003499031067
0.24106784164905548
0.1685667484998703
0.19902890920639038
0.18318967521190643
0.18334627151489258
0.1886468082666397
0.17476752400398254
0.21642635762691498
0.18314822018146515
0.19961223006248474
0.16936011612415314
0.19781894981861115
0.19216851890087128
0.18860210478305817
0.19153964519500732
0.17658837139606476
0.22883889079093933
0.19816023111343384
0.18038862943649292
0.1976868212223053
0.21167556941509247
0.19860786199569702
0.17797145247459412
0.20980142056941986
0.1803826093673706
0.19801372289657593
0.1687573492527008
0.19363953173160553
0.18925105035305023
0.1905142068862915
0.23832601308822632
0.17748717963695526
0.24126160144805908
0.17996558547019958
0.23152567446231842
0.1901039034128189
0.17515023052692413
0.20543166995048523
0.18470938503742218
0.23742201924324036
0.1799580454826355
0.21465909481048584
0.1638001650571823
0.18432806432247162
0.21220092475414276
0.24696585536003113
0.21201300621032715
0.17325468361377716
0.1920076459646225
0.19094471633434296
0.2725299298763275
0.19184166193008423
0.18041391670703888
0.21418696641921997
0.19247554242610931
0.22866955399513245
0.1798991858959198
0.268454909324646
0.1616353541612625
0.18320520222187042
0.18531055748462677
0.1847703754901886
0.19799813628196716
0.1785913109779358
0.24152150750160217
0.16968168318271637
0.2033032774925232
0.18022306263446808
0.17240774631500244
0.20220938324928284
0.18219290673732758
0.32221144437789917
0.25380939245224
0.21931327879428864
0.17661894857883453
0.2239924818277359
0.17349684238433838
0.17500010132789612
0.2723056674003601
0.27174410223960876
0.21676166355609894
0.18769820034503937
0.18167532980442047
0.19749753177165985
0.24758413434028625
0.2222939282655716
0.1767333447933197
0.1954653114080429
0.19352123141288757
