0.40677774
0.22831903
0.3118066
0.47000086
0.3028611
0.34434992
0.32816586
0.36188513
0.31266764
1.1672151
0.39191166
0.40380266
0.5179123
0.20658821
0.32845074
0.40052965
0.33330157
0.40231884
0.41648966
0.29384238
0.23183696
0.44051513
0.55239016
0.44966084
0.26999685
0.31651816
0.25848582
0.47390068
0.29217064
0.37251675
0.32696238
0.2781848
0.22936852
0.39280316
0.410146
0.22398052
0.42518768
0.3271362
0.19448662
0.103538565
0.44101703
0.4915475
0.4008324
0.19173013
0.2558948
0.32781667
0.37037584
0.35819143
0.10012743
0.4481991
0.36527914
0.35336426
0.51319116
0.36037296
0.37401032
0.3324601
0.25752425
0.360639
0.4667163
0.4520122
0.28890842
0.53712475
0.44522157
0.3985672
0.43197218
0.37364474
0.5673966
0.31337148
0.3946155
0.37074876
0.40324953
0.29289255
0.42235562
0.28419602
0.30817822
0.4288374
0.37820026
0.3858203
0.36264053
0.37783733
0.37957868
0.4027736
0.40837026
0.28927195
0.3313751
0.29870847
0.35359716
0.30061027
0.38881108
0.40327433
0.29451314
0.20718415
0.39720392
0.48819825
0.2450893
0.3439964
0.41637525
0.3156765
0.42445067
0.448266
0.21522358
0.21330377
0.23071931
0.27875286
0.37061882
0.33055145
0.43834317
0.29733697
0.225957
0.42226526
0.29754785
0.25452286
0.241276
0.096969895
0.61478806
0.33926243
0.44206017
0.45179933
0.4819855
0.41127047
0.29147238
0.38694525
0.27716178
0.29659662
0.25108013
0.2519198
0.30037433
0.2854445
0.30576086
0.31513488
0.4973838
0.16890633
0.2756891
0.44093493
0.18158866
0.47488996
0.280602
0.6614853
0.4470455
0.28888592
0.30172643
0.42209274
0.41578057
0.29079303
0.15451732
0.36595708
0.17684747
0.1570795
0.32144833
0.3897935
0.44808358
0.35854018
0.26085183
0.35779124
0.26462042
0.241627
0.4365532
0.37554
0.4578247
0.488161
0.39497316
0.35429105
0.37581417
0.5169928
0.26944506
0.5622876
0.51180726
0.26570886
0.40507326
0.47761384
0.29869938
0.4720296
0.43312767
0.4533095
0.43406692
0.3708584
0.36235926
0.34311867
0.27520895
0.3779473
0.42371365
0.3641974
0.42296582
0.25783005
0.30995837
0.30841938
0.24097224
0.3074488
0.3305398
0.48132342
0.27910304
0.47815624
0.34045246
0.3625945
0.25948584
0.2687824
0.33281505
0.33933207
0.14948012
0.29851162
0.26541865
0.37854943
0.48089346
0.4338
0.47089365
0.3129101
0.20248462
0.37726942
0.47963583
0.32345054
0.27920467
0.29543307
0.27567413
0.27744946
0.34364343
0.22601458
0.44794428
0.3988818
0.36411005
0.31998286
0.52174544
0.3330746
0.24619795
0.31708503
0.32981405
0.33049887
0.4272638
0.37395158
0.3644738
0.36912465
0.35592824
0.36892325
0.46542582
0.24192066
0.32061642
0.3762341
0.16947936
0.33873418
0.3208731
0.31429604
0.5038683
0.44198817
0.352272
0.39071283
0.414339
0.4786719
0.297534
0.351842
0.3309835
0.42118633
0.2954157
0.36102557
0.4683433
0.39532793
0.36524284
0.44706333
