0.035195373
0.048637256
0.061180584
0.02984274
0.08312403
0.047621608
0.0479068
0.04496407
0.054818198
0.37943617
0.046284396
0.05677032
0.10000892
0.08395831
0.0
0.07476498
0.053522114
0.04709278
0.06520426
0.09366035
0.065565355
0.062767684
0.07539303
0.08548052
0.072791554
0.055316538
0.07560449
0.07138224
0.056992874
0.05491825
0.06824391
0.033132832
0.111431316
0.086286806
0.061163187
0.04893008
0.06816029
0.050820578
0.08638112
0.07298869
0.047945835
0.11166129
0.07400173
0.073387966
0.08770097
0.03938288
0.09830063
0.095918596
0.050452072
0.05969692
0.06573458
0.041837014
0.06827528
0.068706945
0.060396332
0.033866063
0.08566339
0.0653355
0.086426154
0.037474845
0.026778454
0.05073165
0.043095365
0.103813305
0.040770467
0.07536128
0.11385269
0.035052948
0.05715825
0.050407376
0.07278334
0.06676222
0.0516431
0.055234797
0.077139355
0.069403514
0.074119836
0.051650543
0.053066928
0.051718697
0.08389749
0.07917232
0.039061826
0.044526823
0.041426197
0.024949245
0.009072788
0.066667356
0.038199734
0.050597068
0.028025677
0.03932851
0.085767366
0.033380173
0.06383583
0.046316374
0.06664512
0.047862686
0.07739125
0.0579428
0.06863635
0.037827507
0.075358406
0.052501824
0.043593004
0.06569304
0.08006848
0.057849642
0.07724051
0.053198706
0.05735321
0.051523052
0.04315788
0.059291583
0.09587423
0.06798939
0.06389092
0.0
0.0672943
0.046864957
0.032271832
0.07930413
0.11017329
0.058723457
0.050522335
0.066435225
0.020233026
0.092829116
0.059134103
0.05478704
0.09267796
0.052028477
0.053719874
0.03190788
0.03258761
0.04927848
0.056039467
0.077252105
0.043594122
0.08215162
0.04714901
0.07017511
0.040627103
0.040517062
0.100586064
0.06064211
0.0382167
0.062084854
0.07233519
0.098650604
0.074174486
0.0423174
0.04526737
0.06518983
0.044982713
0.05701794
0.07369879
0.033915084
0.07516857
0.03957694
0.05468949
0.05292756
0.071778096
0.08313595
0.070755914
0.10642152
0.08246471
0.07072495
0.13890356
0.106549166
0.050825454
0.12140555
0.08349785
0.09018644
0.055591296
0.054685947
0.079061225
0.0466076
0.060255364
0.08052707
0.036522824
0.06550089
0.07407722
0.06665493
0.046005905
0.07160472
0.34444982
0.068405904
0.049982082
0.06781898
0.0
0.065765604
0.06599994
0.07063109
0.05630448
0.06388919
0.05503044
0.05428381
0.073096834
0.06080763
0.094346374
0.052153848
0.037326477
0.07559094
0.075256765
0.022636425
0.05026335
0.048688363
0.07302061
0.045961585
0.05707796
0.10274731
0.33813277
0.077741355
0.022751547
0.044264793
0.046156198
0.049352106
0.041286312
0.049942847
0.07022715
0.07208736
0.031886168
0.06371999
0.06738189
0.08115713
0.031217026
0.038004354
0.08794629
0.044381585
0.053907342
0.025567468
0.052584816
0.0634419
0.040082943
0.06393907
0.06591192
0.06015657
0.046997212
0.0587621
0.06349596
0.04248432
0.05471575
0.08251836
0.078681916
0.11019996
0.060476754
0.053746548
0.05533773
0.0742598
0.06794979
0.05746783
0.07110002
0.10697611
0.056571603
0.06916737
