0.434106
0.42406526
0.6538578
0.00032549826
1.0607517
0.09649467
0.13622013
0.348408
0.42482758
0.09031183
0.17537259
0.09712521
0.19254331
0.3259735
0.09374155
0.0623869
0.07221132
0.19576815
0.3130382
0.06622492
0.0
1.1971743
0.07896684
0.56131685
2.9845773e-09
0.46936116
0.18241902
0.0
0.1102396
0.40735847
0.15642364
0.078101926
0.12446679
0.0
0.13165857
1.0437475
0.121059105
0.07953355
0.12715556
0.11522624
0.095028594
0.10890731
0.8560258
1.7017213
0.5799107
0.10527481
0.05542899
0.54767925
0.030555075
1.0622776
0.227446
0.44563684
0.020803181
0.107133955
0.029759107
2.9581228e-08
0.07900668
0.0
0.22883007
0.24443102
0.43212566
1.7744857e-07
1.14506244e-08
0.0832717
0.21437521
0.09827808
0.0867758
0.28119677
0.09286641
0.17194338
0.0
0.0749751
0.09015157
0.21454483
0.31671536
0.1376203
0.49669015
0.07464174
0.0
0.63566464
0.045272782
0.15890415
0.0
0.47894326
0.11651548
0.12464855
0.40401608
0.65507853
0.29268628
0.052449603
0.10854806
1.1382107
0.32259864
0.34778297
0.51105505
0.11374305
0.59865534
0.29232594
0.11152555
0.16808398
0.26986504
0.38306797
0.01673935
0.29689932
0.21588582
0.18918292
0.16192819
0.63597465
0.32091314
0.05391506
0.6794558
0.44960558
0.076674424
0.13616326
0.28509438
0.7087257
0.19919738
0.7552155
0.08564651
0.3518653
1.0769475
0.9402353
0.2964027
0.077015474
0.098968975
0.07378049
8.1379966e-08
0.548162
