9
21
27
51
56
12
45
10
23
30
13
5
15
29
60
0
52
42
49
37
35
40
26
36
14
7
18
34
54
17
8
25
9
51
45
5
27
21
12
15
30
29
60
10
13
23
37
0
54
26
7
42
56
14
52
18
40
9
5
27
51
52
30
29
0
45
60
15
54
7
21
23
13
12
26
18
10
37
42
5
0
52
30
23
21
45
51
15
9
27
26
60
13
37
25
29
18
58
10
20
27
33
57
70
78
82
24
62
55
126
61
3
102
52
54
48
80
89
109
46
15
19
16
125
77
71
112
123
31
22
56
37
63
118
66
72
9
68
14
40
5
11
65
124
45
53
90
41
28
98
95
39
84
36
32
85
38
34
113
6
75
30
81
106
99
69
10
26
105
12
17
116
64
73
104
50
58
59
100
67
114
97
88
122
103
18
74
108
92
