9
21
27
51
56
12
45
10
23
30
13
5
15
29
60
0
52
42
49
37
35
40
26
36
14
9
51
45
5
27
21
12
15
30
29
60
10
13
23
37
0
54
26
7
9
5
27
51
52
30
29
0
45
60
15
54
7
21
23
13
5
0
52
30
23
21
45
51
15
9
27
26
20
27
33
57
70
78
82
24
62
55
126
61
3
102
52
54
48
80
89
109
46
15
19
16
125
77
71
112
123
31
22
56
37
63
118
66
72
9
68
14
40
5
11
65
124
45
53
90
41
28
98
95
39
84
36
32
85
38
34
113
6
75
30
81
106
99
69
10
26
105
12
17
116
64
73
104
102
52
54
118
89
109
37
39
38
11
80
22
62
63
123
77
19
28
124
5
71
40
95
9
56
85
65
53
48
15
36
98
16
104
45
34
6
90
32
82
81
84
72
126
26
59
70
113
27
75
12
41
55
3
116
68
14
30
66
108
105
114
112
99
118
37
54
52
63
48
19
95
80
36
98
5
102
62
56
85
104
77
6
53
34
16
123
114
108
26
59
38
109
81
84
41
75
100
72
89
11
124
27
113
45
32
88
70
86
15
65
71
67
126
22
11
14
21
24
29
30
37
42
46
51
58
63
65
69
70
81
83
87
96
106
108
116
117
123
124
145
149
150
162
165
170
171
185
190
197
198
200
201
202
208
209
216
219
220
222
237
239
247
250
252
157
248
32
126
64
74
213
105
207
243
115
215
76
176
214
86
240
8
227
139
72
255
188
246
1
19
143
28
133
75
17
212
23
34
56
251
93
244
61
181
52
231
230
154
138
228
118
31
159
44
110
33
102
160
235
147
36
4
210
211
43
66
84
245
241
172
249
127
163
68
90
91
169
166
175
179
60
178
196
148
89
140
95
121
104
226
97
135
18
236
158
233
128
151
13
183
40
146
5
103
254
232
193
122
20
174
153
191
80
112
141
186
27
47
156
101
136
15
22
134
204
111
223
48
35
54
129
62
49
203
205
79
253
142
26
25
206
85
53
12
120
38
99
94
50
168
238
67
242
55
229
82
6
39
77
189
137
119
2
92
59
152
125
113
144
225
194
78
217
155
88
0
100
187
182
234
161
109
192
71
