0.12172044
0.33182657
0.25509554
1.6666954
0.3946312
0.07455774
0.3405005
0.17033704
0.21451405
0.0
0.05131564
0.57614875
0.010169025
0.07283144
0.15928425
0.08077953
0.8386296
0.19344279
0.17072542
1.7770267
0.34589595
0.0
1.4078969
0.053841554
0.28794464
0.2398533
0.15140696
0.0
0.7175874
0.08882347
0.07133629
0.35961732
1.3145063
0.59614366
0.17938964
0.13002765
0.15268248
0.12945175
0.42046842
1.3372449
0.13906762
0.3088171
0.12670404
0.32474136
0.36296332
0.032569986
0.52745795
0.7178007
0.93994635
0.12756582
0.3843861
6.845433e-09
0.1242706
0.9008525
0.18632114
0.29588598
2.1122801e-07
0.4090557
0.31364805
1.2422906
0.10967483
0.46002188
0.4753675
0.41073766
