9
21
27
51
56
12
45
10
23
30
13
5
15
29
60
0
52
42
49
37
35
40
26
36
14
7
18
34
54
17
8
25
9
51
45
5
27
21
12
15
30
29
60
10
13
23
37
0
54
26
7
42
56
14
52
18
40
9
5
27
51
52
30
29
0
45
60
15
54
7
21
23
13
12
26
18
10
37
42
40
58
17
5
0
52
30
23
21
45
51
15
9
27
26
60
13
37
25
29
18
58
20
27
33
57
70
78
82
24
62
55
126
61
3
102
52
54
48
80
89
109
46
15
19
16
125
77
71
112
123
31
22
56
37
63
118
66
72
9
68
14
40
5
11
65
124
45
53
90
41
28
98
95
39
84
36
32
85
38
34
113
6
75
30
81
106
99
69
10
26
105
12
17
116
64
73
104
50
58
59
100
67
114
97
88
122
103
18
74
108
102
52
54
118
89
109
37
39
38
11
80
22
62
63
123
77
19
28
124
5
71
40
95
9
56
85
65
53
48
15
36
98
16
104
45
34
6
90
32
82
81
84
72
126
26
59
70
113
27
75
12
41
55
3
116
68
14
30
66
108
105
114
112
99
46
10
31
106
93
17
88
86
64
58
100
50
118
37
54
52
63
48
19
95
80
36
98
5
102
62
56
85
104
77
6
53
34
16
123
114
108
26
59
38
109
81
84
41
75
100
72
89
11
124
27
113
45
32
88
70
86
15
65
71
67
126
22
10
90
39
106
17
13
66
68
14
31
30
116
28
11
14
21
24
29
30
37
42
46
51
58
63
65
69
70
81
83
87
96
106
108
116
117
123
124
145
149
150
162
165
170
171
185
190
197
198
200
201
202
208
209
216
219
220
222
237
239
247
250
252
157
248
32
126
64
74
213
105
207
243
115
215
76
176
214
86
240
8
227
139
72
255
188
246
1
19
143
28
133
75
17
212
23
34
56
251
93
244
61
181
52
231
230
154
138
228
118
31
159
44
110
33
102
160
235
147
36
4
210
211
43
66
84
245
241
172
249
127
163
68
90
91
169
166
175
179
60
178
196
148
89
140
95
121
104
226
97
135
18
236
158
233
128
151
13
183
40
146
5
103
254
232
193
122
20
174
153
191
80
112
141
186
27
47
156
101
136
15
22
134
204
111
223
48
35
54
129
62
49
203
205
79
253
142
26
25
206
85
53
12
120
38
99
94
50
168
238
67
242
55
229
82
6
39
77
189
137
119
2
92
59
152
125
113
144
225
194
78
217
155
88
0
100
187
182
234
161
109
192
71
130
41
177
132
167
224
114
3
195
57
10
218
98
14
117
190
86
126
205
214
85
231
60
90
3
226
222
133
120
134
31
93
55
157
67
0
180
202
59
101
227
88
146
82
91
45
159
234
143
142
64
218
84
51
151
241
62
112
104
138
215
229
83
7
154
152
209
184
216
10
95
177
119
238
17
140
5
97
6
40
1
207
35
135
217
219
188
206
69
48
124
89
61
37
170
111
72
77
79
131
201
103
232
161
78
109
16
132
247
230
197
175
160
242
129
8
29
196
73
25
248
174
136
194
254
11
28
155
210
68
110
251
107
99
123
239
128
113
49
237
178
54
246
145
199
34
2
147
21
233
240
223
94
195
116
235
153
18
57
181
20
105
50
191
236
192
125
96
183
87
71
118
224
189
250
115
36
30
52
187
100
53
255
75
141
220
193
167
164
252
27
185
162
221
148
70
24
39
208
198
43
156
42
182
76
150
249
15
158
204
102
65
22
203
26
74
108
137
98
213
244
176
81
121
106
179
225
139
166
243
4
163
172
80
13
23
56
92
33
38
58
44
228
173
130
127
19
200
114
47
46
149
12
144
211
63
