0.38533455
0.603809
0.7170325
0.28701016
1.0621245
0.10501856
0.12819159
0.55362356
0.47634295
0.28070694
0.25276768
0.21046469
0.46025038
0.2590135
0.26180828
0.2198015
0.14475247
0.255372
0.33476886
0.07929117
0.5606636
1.2331064
0.24040243
0.92743534
0.38777283
0.7035372
0.15340562
0.21186192
0.27524322
0.44427657
0.26902428
0.2619896
0.21558483
0.801602
0.14469217
1.1734759
0.10085694
0.04344141
0.15733747
0.2534825
0.44385892
0.19132243
1.073209
1.4978795
0.37610316
0.21426137
0.39371467
0.609336
0.07850676
0.77427584
0.5474341
0.31341088
0.051138494
0.13095784
0.04673322
0.30299655
0.113305114
0.4044502
0.3048038
0.15480065
0.48918757
0.28127018
0.11197034
0.061577603
0.2754592
0.22066446
0.25969738
0.22929978
0.26167488
0.34590703
0.21671481
0.22715633
0.19733825
0.77859235
0.4050633
0.19330096
0.5987008
0.11720801
0.6806494
0.7003108
0.09781584
0.18368278
0.31059954
0.61526406
0.191213
0.11609023
0.21971318
0.59069496
0.216586
0.20947136
0.25316185
1.003529
0.2941068
0.33724037
0.5590279
0.08717409
0.30570865
0.687977
0.103426106
0.29124105
0.19351852
0.34632617
0.11094472
0.6229067
0.11680123
0.2990134
0.25381467
0.70361406
0.15136294
0.15972178
0.41320848
0.37635088
0.30976826
0.21312791
0.1465585
0.63332856
0.27074763
0.8862848
0.02895214
0.3595449
1.357532
1.216014
0.43902484
0.14610752
0.2116525
0.4515397
0.23736434
0.7898671
