11
14
21
24
29
30
37
42
46
51
58
63
65
69
70
81
83
87
96
106
108
116
117
123
124
145
149
150
162
165
170
171
185
190
197
198
200
201
202
208
209
216
219
220
222
237
239
247
250
252
157
248
32
126
64
74
213
105
207
243
115
215
76
176
214
86
240
8
227
139
72
255
188
246
1
19
143
28
133
75
17
212
23
34
56
251
93
244
61
181
52
231
230
154
138
228
118
31
159
44
110
33
102
160
235
147
36
4
210
211
43
66
84
245
241
172
249
127
163
68
90
91
169
166
175
179
60
178
196
148
89
140
95
121
104
226
97
135
18
236
158
233
128
151
13
183
40
146
5
103
254
232
193
122
20
174
153
191
80
112
141
186
27
47
156
101
136
15
22
134
204
111
223
48
35
54
129
62
49
203
205
79
253
142
26
25
206
85
53
12
120
38
99
94
50
168
238
67
242
55
229
82
6
39
77
189
137
119
2
92
59
152
125
113
144
225
194
78
217
155
88
0
100
187
182
234
161
109
192
71
130
41
177
132
167
224
114
3
195
57
10