0.0037854773
0.0021411607
0.0031607475
0.004613509
0.002915663
0.0030669
0.0035075762
0.0031967743
0.002930153
0.010573533
0.0035335524
0.0036158252
0.004622014
0.002135528
0.003152926
0.0036250814
0.0032773532
0.0036326505
0.0037703484
0.002923745
0.0022506916
0.0038564994
0.004701661
0.004813984
0.0024398793
0.0029791347
0.002265557
0.004402082
0.00268259
0.0032433043
0.003261536
0.0026838728
0.0022505345
0.0038213597
0.0040999986
0.002009789
0.0041145924
0.0030485236
0.0017858034
0.00097329525
0.0039759623
0.0046610003
0.003756311
0.0018368452
0.0023232994
0.0032342733
0.003508064
0.0032434543
0.0009509454
0.00410556
0.0035965305
0.0032917177
0.0042684283
0.0033738248
0.0035990202
0.0030909749
0.0025867957
0.0029124315
0.0039602127
0.004177466
0.0027843202
0.004346673
0.0038799844
0.003473335
0.0037147256
0.0035973291
0.0050297594
0.003113156
0.0035333307
0.0034728097
0.0036261985
0.0028617182
0.004029318
0.0028941089
0.0028959168
0.0039597196
0.0039500985
0.0033173002
0.0036898952
0.0031204347
0.003945844
0.003852003
0.0033578335
0.0025726652
0.0032464028
0.0026191792
0.003265783
0.0026625064
0.003690454
0.0033545156
0.0031756626
0.0020660453
0.0036502415
0.004227704
0.0023479033
0.0032162955
0.003962074
0.002743944
0.004175961
0.004125361
0.0019040869
0.0019641544
0.0020766174
0.0029166653
0.0033586395
0.003321798
0.0039324607
0.002832444
0.0020880338
0.004342358
0.003064152
0.00247061
0.00230426
0.0009174228
0.005618046
0.0029574211
0.003970917
0.0045035253
0.004494513
0.0035498824
0.002986705
0.0035664523
0.0026204302
0.0028865351
0.0027109387
0.0020528007
0.0028607347
0.002705103
0.0029574877
0.0029179088
0.00484396
0.0015901419
0.0025449102
0.003818059
0.0016577251
0.004137133
0.002773697
0.0054382365
0.004195938
0.0025636218
0.0027175283
0.0039947913
0.0035308618
0.00286515
0.0014338102
0.0033685688
0.0016824208
0.0015323508
0.002752162
0.00384273
0.0039611007
0.0036387583
0.0026132127
0.0031954146
0.002661169
0.0022317648
0.004051861
0.0033588985
0.0041641565
0.0041900533
0.0035137024
0.0033741554
0.0032237142
0.0044153654
0.002785671
0.004901031
0.0046204077
0.002632501
0.003818663
0.004531884
0.0029033558
0.004247201
0.0036703758
0.0039302823
0.0042527965
0.0036334991
0.0037431219
0.0032587016
0.0025982743
0.0036739265
0.0036823282
0.0034015242
0.003633477
0.0024322805
0.0029418766
0.0028348179
0.002201907
0.0029024966
0.003077036
0.0041223466
0.0025039273
0.0045597125
0.003301415
0.0033006761
0.0024316974
0.002511652
0.0032053858
0.0032803265
0.0013714291
0.0027984558
0.0023733266
0.0036694077
0.004019416
0.0042303517
0.004371164
0.0029369611
0.001906051
0.0034925744
0.004107131
0.003020091
0.0028240054
0.0028298195
0.002436042
0.0026438036
0.0036190837
0.0021625485
0.004291141
0.003620762
0.00372005
0.0030550954
0.0052342447
0.0032513118
0.0025450147
0.0032178147
0.0029834455
0.0030323924
0.003809008
0.0036993506
0.0032667366
0.003479503
0.0030479152
0.0033918163
0.003593805
0.0022436928
0.0030805457
0.003419631
0.0015793021
0.0033438588
0.00321257
0.0030722013
0.0047512706
0.0041508977
0.003212478
0.003126817
0.0037531513
0.0042409315
0.0030396783
0.0033835142
0.0033008454
0.0041314852
0.0031054965
0.0035702959
0.004410366
0.0035000572
0.003151158
0.003913366
