0.5007126331329346
0.44107627868652344
0.335476815700531
0.5446470975875854
0.843178927898407
0.3032703697681427
0.001144664129242301
0.3271990120410919
0.4274105429649353
0.0009528431110084057
0.16184300184249878
0.5122073888778687
0.409580796957016
0.2752278745174408
0.7523581981658936
0.5723275542259216
0.021325891837477684
0.12238098680973053
0.581536591053009
0.4360716938972473
0.4409882426261902
0.597916841506958
0.700477659702301
0.09176216274499893
0.09671790897846222
0.9732717275619507
0.5140723586082458
0.0011050471803173423
0.5160112380981445
0.5840042233467102
0.16881833970546722
0.001115631777793169
0.7362950444221497
0.6121529340744019
0.001191012910567224
0.2807682156562805
0.8752292394638062
0.23784618079662323
0.001144664129242301
0.5432987213134766
0.7115561366081238
0.7438589334487915
0.7908782362937927
0.6776334643363953
0.30425184965133667
0.0011239940067753196
0.48922139406204224
0.6126421093940735
0.021325891837477684
0.19908444583415985
0.6695803999900818
0.3668798506259918
0.001163868815638125
0.4675009548664093
0.6021444201469421
0.113777756690979
0.05383747071027756
0.47616809606552124
0.44039180874824524
0.0011050471803173423
0.3090628981590271
0.6501237154006958
0.12276408821344376
0.001115631777793169
0.8349242210388184
0.4561690092086792
0.001191012910567224
0.24610503017902374
0.5959925055503845
0.22745633125305176
0.001144664129242301
0.33848610520362854
0.44578999280929565
0.0009528431110084057
0.20841842889785767
0.7070270776748657
0.4648412764072418
0.4014233350753784
0.6685554385185242
0.5916426181793213
0.021325891837477684
0.15318132936954498
0.5889375805854797
0.43429264426231384
0.001163868815638125
0.3639014959335327
0.601317822933197
0.07543236762285233
0.062328603118658066
0.4636768400669098
0.4682736098766327
0.0011050471803173423
0.3956071734428406
0.6730626225471497
0.18979905545711517
0.001115631777793169
0.8708973526954651
0.6344943046569824
0.001191012910567224
0.17423219978809357
0.4431911110877991
0.2762531042098999
0.001144664129242301
0.5107043981552124
0.5373674631118774
0.0009528431110084057
0.17143695056438446
0.6832634806632996
0.27397215366363525
0.0011239940067753196
0.4279763996601105
0.6288629770278931
0.28752732276916504
0.3046879470348358
0.5303240418434143
0.36448416113853455
0.001163868815638125
0.38638079166412354
0.608209490776062
0.5118646621704102
0.4697433412075043
0.6734658479690552
0.44757238030433655
0.0011050471803173423
0.41746845841407776
0.6545687317848206
0.22233764827251434
0.001115631777793169
0.6219542026519775
0.40910854935646057
0.001191012910567224
0.39740779995918274
0.5888399481773376
0.2291884571313858
0.001144664129242301
0.7120563387870789
0.5822039246559143
0.0009528431110084057
0.2727862000465393
0.8685921430587769
0.3194379508495331
0.0011239940067753196
0.6148992776870728
0.687856912612915
0.021325891837477684
0.09481439739465714
0.5507753491401672
0.4254050552845001
0.001163868815638125
0.5807529091835022
0.7949186563491821
0.17725475132465363
0.061407413333654404
0.9247829914093018
0.7154271006584167
0.0011050471803173423
0.4063125550746918
0.7138326168060303
0.1728844940662384
0.001115631777793169
0.4720578193664551
0.3784608244895935
0.001191012910567224
0.2800830900669098
0.4889518618583679
0.16069276630878448
0.001144664129242301
0.548126757144928
0.6288373470306396
0.5474755167961121
0.7207927107810974
0.5483734607696533
0.22190338373184204
0.0011239940067753196
0.42243075370788574
0.42590391635894775
0.021325891837477684
0.13022443652153015
0.5983107686042786
0.3160732090473175
0.001163868815638125
0.4236677885055542
0.5082229375839233
0.09455392509698868
0.04273919388651848
0.7092561721801758
0.48921632766723633
0.0011050471803173423
0.49259576201438904
0.701263427734375
0.16172786056995392
0.001115631777793169
0.6275905966758728
0.5018292665481567
0.001191012910567224
0.22998462617397308
0.4608839750289917
0.1923404037952423
0.001144664129242301
0.5567189455032349
0.5470501184463501
0.0009528431110084057
0.15603002905845642
0.6375492811203003
0.33279746770858765
0.0011239940067753196
0.5723816156387329
0.7751379013061523
0.021325891837477684
0.1399736851453781
0.7076083421707153
0.34677350521087646
0.001163868815638125
0.3767207860946655
0.6157338619232178
0.08399605005979538
0.07481870800256729
0.854539692401886
0.4983368515968323
0.0011050471803173423
0.4098353981971741
0.7795290350914001
0.32476991415023804
0.25940626859664917
0.650056779384613
0.4647178649902344
0.001191012910567224
0.22628730535507202
0.6579828858375549
0.1756426990032196
0.001144664129242301
0.5160096287727356
0.6303180456161499
0.0009528431110084057
0.11000902950763702
0.5086537003517151
0.4179089665412903
0.4524456560611725
0.5680043697357178
0.6594323515892029
0.25007274746894836
0.4196741282939911
0.5907857418060303
0.43115344643592834
0.001163868815638125
0.46629664301872253
0.8509833216667175
0.4310472905635834
0.3519122004508972
0.5888342261314392
0.40387558937072754
0.0011050471803173423
0.34728899598121643
0.4929383099079132
0.4984751045703888
0.4439142346382141
