0.0831084
0.5634861
0.5225366
2.1399803
0.5979876
0.016175983
0.3075967
0.10208302
0.2873429
0.0
0.12945083
0.89189035
0.11747727
0.11349277
0.26173204
0.08390862
1.413609
0.23073591
0.12264652
3.056598
0.35197592
0.1043128
1.6460466
0.109283045
0.46855646
0.24575058
0.11900916
0.04529009
1.670372
0.0785788
0.07609594
0.481295
1.513359
1.0833987
0.31922805
0.36899757
0.35003263
0.16104518
0.3128143
1.6154413
0.20586312
0.37717175
0.17465061
0.49295172
0.6429171
0.08323631
0.77452314
1.4134935
1.2947704
0.33341026
0.860254
0.06286102
0.07225578
1.1024184
0.09962358
0.3680606
0.27918333
0.6798681
0.22348583
1.5613831
0.08368448
0.7231298
0.7162397
0.67209435
