0.121841624
0.4266665
0.41812253
1.9588711
0.5572786
0.026889374
0.31732842
0.1465691
0.2597075
0.0
0.08632898
0.8149529
0.06879436
0.08729191
0.18198082
0.07594981
1.0885041
0.19230734
0.18915017
2.5863295
0.3892979
0.047342338
1.5693806
0.08840619
0.3930581
0.269745
0.13500994
0.046095
1.2542652
0.081948236
0.07664109
0.43523404
1.4315786
0.8332148
0.26967254
0.19407296
0.33921424
0.11775652
0.32589212
1.5918297
0.19214517
0.36662158
0.14819023
0.45969507
0.5314134
0.012869617
0.6704311
1.1130177
1.1946902
0.23588116
0.52896774
8.007735e-09
0.1887127
1.0649834
0.12947567
0.36319944
0.16896828
0.5950592
0.24314642
1.4867429
0.083578184
0.63085926
0.68644315
0.56499356
