31
63
95
127
159
191
9
73
105
137
201
233
56
197
88
195
163
24
184
34
66
98
130
162
194
226
101
152
133
52
84
116
148
180
212
244
165
6
38
70
102
134
166
198
230
27
59
91
123
155
187
219
251
81
16
48
80
144
176
208
45
109
141
173
205
252
213
216
131
99
209
215
240
183
87
17
145
23
55
151
229
49
241
108
202
255
94
204
10
172
243
175
126
106
5
69
62
190
227
30
7
112
74
83
92
158
254
177
174
115
234
37
67
211
85
51
149
164
20
181
196
12
57
28
138
71
13
19
44
58
124
140
242
119
113
8
231
60
188
89
25
90
53
156
26
72
50
96
114
232
97
100
82
0
147
2
239
35
120
223
122
250
253
86
214
76
121
129
18
210
245
220
249
1
179
117
21
154
132
110
93
107
3
128
193
171
14
79
203
200
238
11
199
247
65
111
15
39
170
182
186
169
143
150
153
225
78
64
248
135
218
104
125
142
54
206
41
103
33
217
46
68
207
236
77
29
189
161
146
222
160
42
40
47
22
224
168
61
185
237
118
136
192
