9
73
105
137
201
233
34
66
98
130
162
194
226
31
63
95
127
159
191
6
38
70
102
134
166
198
230
27
59
91
123
155
187
219
251
52
84
116
148
180
212
244
45
109
141
173
205
16
48
80
144
176
208
184
56
88
152
87
183
197
24
215
145
55
209
216
23
17
94
240
30
81
165
190
101
151
62
158
126
133
49
177
204
229
163
69
172
5
108
112
243
115
174
83
211
202
241
92
10
37
99
195
254
196
140
131
227
252
51
7
44
138
67
164
106
20
124
181
60
147
85
149
71
13
110
234
213
175
231
57
74
188
12
255
53
86
100
58
90
35
117
119
96
89
179
2
222
28
238
14
113
156
8
19
250
128
245
142
25
214
121
26
249
93
220
132
72
199
122
41
103
253
78
0
169
223
46
193
76
203
11
3
247
77
21
192
224
206
68
120
232
54
82
239
237
182
171
107
186
153
114
160
200
64
97
39
1
125
129
135
154
118
210
150
167
104
236
18
218
248
15
228
217
79
189
50
22
242
225
33
43
29
61
185
161
