0.44952357
0.5260673
0.5451319
0.1891936
1.0187371
0.07814577
0.13276526
0.4564463
0.46463755
0.092134394
0.22099592
0.062954955
0.18400192
0.29660007
0.19364148
0.10124652
0.10897145
0.2360851
0.28208488
0.07140222
0.3202634
1.2577229
0.06607815
0.6923453
0.2770403
0.56434935
0.15336117
0.18001692
0.074364185
0.42176458
0.19483171
0.22233738
0.13456237
0.75404876
0.12882859
1.116943
0.10225977
0.049558144
0.057885416
0.056293324
0.083712906
0.18578054
0.96677816
1.5952944
0.39963934
0.124738604
0.2187278
0.5977668
0.10110708
0.8767224
0.2619519
0.3597469
0.0165842
0.09583068
0.025749836
0.18598543
0.09226423
0.4377495
0.2586634
0.16967797
0.46057096
0.29066396
0.06700059
0.0692003
0.24838778
0.09513073
0.1977477
0.29563925
0.18978444
0.26334125
0.17275931
0.08308594
0.14756143
0.7620775
0.41109365
0.1802428
0.48220816
0.07037817
0.67836785
0.7450873
0.06428236
0.14099199
0.13665701
0.44141492
0.14283074
0.094529405
0.24826017
0.57721174
0.24376838
0.04016158
0.13376427
1.0603243
0.30520695
0.22633857
0.43341282
0.09208946
0.6028051
0.6377215
0.108070605
0.21157517
0.26000622
0.38145524
0.013710885
0.48264575
0.11410307
0.20328946
0.22381774
0.54891515
0.19974835
0.045958307
0.6039872
0.38998738
0.21108054
0.17522213
0.21013671
0.72054833
0.18965666
0.7530622
0.03521533
0.27780047
1.2173547
1.076116
0.3208871
0.07014303
0.07809726
0.32250065
0.15058678
0.66248965
