0.050809927
0.59210706
0.61283344
2.2622342
0.58205116
0.02207912
0.25228035
0.31406158
0.3269981
0.10377988
0.204191
0.98795885
0.21098173
0.17217056
0.38169917
0.09962123
1.6881711
0.2089333
0.1895235
3.3383534
0.39986217
0.08627761
1.5630978
0.07488375
0.5090643
0.18476987
0.13041621
0.12648587
1.9565257
0.18708186
0.060161855
0.5299575
1.5107597
1.1830883
0.44085726
0.39898038
0.369544
0.17871399
0.2312261
1.6731342
0.21026702
0.44224674
0.2348384
0.5303365
0.63955057
0.092164144
0.94255334
1.591636
1.4215373
0.3078818
1.0405446
0.09272424
0.054782636
1.103104
0.2822577
0.37925774
0.38861847
0.7871865
0.18974566
1.5662483
0.13905132
0.7487989
0.6894099
0.75750166
